  0.00000	 -0.86225	  0.00000	 54.90569	  0.00000	-44.12440	  0.00000	-100.49200	  0.00000	 48.39719	  0.00000	-49.73630	  0.00000	  5.68675	  0.00000	-44.87810	  0.00000	-44.66600	  0.00000	 -6.42675	  0.00000	 53.99859	  0.00000	 55.71648	  0.00000	 -2.57747	  0.00000	 55.06797	  0.00000	-21.80493	  0.00000	-102.45283	  0.00000	 52.32997	  0.00000	-25.98815	  0.00000	  0.62243	  0.00000	-44.22763	  0.00000	-33.21307	  0.00000	 -6.41882	  0.00000	 43.54025	  0.00000	 77.45412	
  0.02000	 -0.86225	  0.02000	 54.90569	  0.02000	-44.12440	  0.02000	-100.49200	  0.02000	 48.39719	  0.02000	-49.73630	  0.02000	  5.68675	  0.02000	-44.87810	  0.02000	-44.66600	  0.02000	 -6.42675	  0.02000	 53.99859	  0.02000	 55.71648	  0.02000	 -3.13265	  0.02000	 55.99463	  0.02000	-23.59212	  0.02000	-102.84297	  0.02000	 52.28211	  0.02000	-30.23688	  0.02000	  1.29271	  0.02000	-43.30827	  0.02000	-34.51700	  0.02000	 -9.32545	  0.02000	 44.80740	  0.02000	 75.58701	
  0.04000	 -0.86225	  0.04000	 54.90569	  0.04000	-44.12440	  0.04000	-100.49200	  0.04000	 48.39719	  0.04000	-49.73630	  0.04000	  5.68675	  0.04000	-44.87810	  0.04000	-44.66600	  0.04000	 -6.42675	  0.04000	 53.99859	  0.04000	 55.71648	  0.04000	 -2.78531	  0.04000	 55.91446	  0.04000	-23.69361	  0.04000	-102.46433	  0.04000	 51.11678	  0.04000	-30.10910	  0.04000	  2.66568	  0.04000	-43.39056	  0.04000	-34.12439	  0.04000	 -8.65573	  0.04000	 45.16751	  0.04000	 75.55378	
  0.06000	 -0.86225	  0.06000	 54.90569	  0.06000	-44.12440	  0.06000	-100.49200	  0.06000	 48.39719	  0.06000	-49.73630	  0.06000	  5.68675	  0.06000	-44.87810	  0.06000	-44.66600	  0.06000	 -6.42675	  0.06000	 53.99859	  0.06000	 55.71648	  0.06000	 -3.34324	  0.06000	 56.10107	  0.06000	-23.82684	  0.06000	-103.04849	  0.06000	 51.59874	  0.06000	-30.04581	  0.06000	  1.76831	  0.06000	-43.26495	  0.06000	-33.84015	  0.06000	 -9.07190	  0.06000	 45.79945	  0.06000	 75.47604	
  0.08000	 -0.86225	  0.08000	 54.90569	  0.08000	-44.12440	  0.08000	-100.49200	  0.08000	 48.39719	  0.08000	-49.73630	  0.08000	  5.68675	  0.08000	-44.87810	  0.08000	-44.66600	  0.08000	 -6.42675	  0.08000	 53.99859	  0.08000	 55.71648	  0.08000	 -3.72703	  0.08000	 56.24765	  0.08000	-23.85486	  0.08000	-103.42606	  0.08000	 51.39025	  0.08000	-29.90413	  0.08000	  1.69545	  0.08000	-43.14670	  0.08000	-33.41317	  0.08000	 -9.27532	  0.08000	 46.39014	  0.08000	 75.50333	
  0.10000	 -0.86225	  0.10000	 54.90569	  0.10000	-44.12440	  0.10000	-100.49200	  0.10000	 48.39719	  0.10000	-49.73630	  0.10000	  5.68675	  0.10000	-44.87810	  0.10000	-44.66600	  0.10000	 -6.42675	  0.10000	 53.99859	  0.10000	 55.71648	  0.10000	 -2.84372	  0.10000	 56.19551	  0.10000	-23.80806	  0.10000	-102.50185	  0.10000	 50.92112	  0.10000	-30.17377	  0.10000	  2.99879	  0.10000	-43.21833	  0.10000	-32.90512	  0.10000	 -8.69225	  0.10000	 46.75768	  0.10000	 75.57366	
  0.12000	 -0.86225	  0.12000	 54.90569	  0.12000	-44.12440	  0.12000	-100.49200	  0.12000	 48.39719	  0.12000	-49.73630	  0.12000	  5.68675	  0.12000	-44.87810	  0.12000	-44.66600	  0.12000	 -6.42675	  0.12000	 53.99859	  0.12000	 55.71648	  0.12000	 -3.39185	  0.12000	 56.33603	  0.12000	-23.94496	  0.12000	-103.04319	  0.12000	 51.06630	  0.12000	-30.41979	  0.12000	  2.43015	  0.12000	-43.11796	  0.12000	-32.60582	  0.12000	 -9.37487	  0.12000	 47.32844	  0.12000	 75.46867	
  0.14000	 -0.86225	  0.14000	 54.90569	  0.14000	-44.12440	  0.14000	-100.49200	  0.14000	 48.39719	  0.14000	-49.73630	  0.14000	  5.68675	  0.14000	-44.87810	  0.14000	-44.66600	  0.14000	 -6.42675	  0.14000	 53.99859	  0.14000	 55.71648	  0.14000	 -3.40919	  0.14000	 56.36647	  0.14000	-23.90365	  0.14000	-103.08482	  0.14000	 51.06792	  0.14000	-29.96808	  0.14000	  2.38002	  0.14000	-43.12645	  0.14000	-32.12837	  0.14000	 -9.00703	  0.14000	 47.81739	  0.14000	 75.57288	
  0.16000	 -0.86225	  0.16000	 54.90569	  0.16000	-44.12440	  0.16000	-100.49200	  0.16000	 48.39719	  0.16000	-49.73630	  0.16000	  5.68675	  0.16000	-44.87810	  0.16000	-44.66600	  0.16000	 -6.42675	  0.16000	 53.99859	  0.16000	 55.71648	  0.16000	 -3.57189	  0.16000	 56.50576	  0.16000	-24.01318	  0.16000	-103.18999	  0.16000	 50.45644	  0.16000	-30.31571	  0.16000	  2.95935	  0.16000	-42.97970	  0.16000	-31.75840	  0.16000	 -9.37341	  0.16000	 48.37852	  0.16000	 75.48705	
  0.18000	 -0.86225	  0.18000	 54.90569	  0.18000	-44.12440	  0.18000	-100.49200	  0.18000	 48.39719	  0.18000	-49.73630	  0.18000	  5.68675	  0.18000	-44.87810	  0.18000	-44.66600	  0.18000	 -6.42675	  0.18000	 53.99859	  0.18000	 55.71648	  0.18000	 -3.73692	  0.18000	 56.57398	  0.18000	-24.05968	  0.18000	-103.33640	  0.18000	 50.23252	  0.18000	-30.36941	  0.18000	  3.06025	  0.18000	-42.92792	  0.18000	-31.35160	  0.18000	 -9.55277	  0.18000	 48.88242	  0.18000	 75.47433	
  0.20000	 -0.86225	  0.20000	 54.90569	  0.20000	-44.12440	  0.20000	-100.49200	  0.20000	 48.39719	  0.20000	-49.73630	  0.20000	  5.68675	  0.20000	-44.87810	  0.20000	-44.66600	  0.20000	 -6.42675	  0.20000	 53.99859	  0.20000	 55.71648	  0.20000	 -3.57296	  0.20000	 56.58937	  0.20000	-24.08144	  0.20000	-103.16308	  0.20000	 50.21551	  0.20000	-30.50531	  0.20000	  3.23919	  0.20000	-42.94270	  0.20000	-30.93431	  0.20000	 -9.52993	  0.20000	 49.32702	  0.20000	 75.47647	
  0.22000	 -0.86225	  0.22000	 54.90569	  0.22000	-44.12440	  0.22000	-100.49200	  0.22000	 48.39719	  0.22000	-49.73630	  0.22000	  5.68675	  0.22000	-44.87810	  0.22000	-44.66600	  0.22000	 -6.42675	  0.22000	 53.99859	  0.22000	 55.71648	  0.22000	 -3.74615	  0.22000	 56.65919	  0.22000	-24.11076	  0.22000	-103.35438	  0.22000	 50.42598	  0.22000	-30.39025	  0.22000	  2.88980	  0.22000	-42.91336	  0.22000	-30.53507	  0.22000	 -9.59831	  0.22000	 49.84339	  0.22000	 75.48493	
  0.24000	 -0.86225	  0.24000	 54.90569	  0.24000	-44.12440	  0.24000	-100.49200	  0.24000	 48.39719	  0.24000	-49.73630	  0.24000	  5.68675	  0.24000	-44.87810	  0.24000	-44.66600	  0.24000	 -6.42675	  0.24000	 53.99859	  0.24000	 55.71648	  0.24000	 -3.70822	  0.24000	 56.66579	  0.24000	-24.13403	  0.24000	-103.28492	  0.24000	 49.98208	  0.24000	-30.45012	  0.24000	  3.35330	  0.24000	-42.90626	  0.24000	-30.09579	  0.24000	 -9.59877	  0.24000	 50.28330	  0.24000	 75.48810	
  0.26000	 -0.86225	  0.26000	 54.90569	  0.26000	-44.12440	  0.26000	-100.49200	  0.26000	 48.39719	  0.26000	-49.73630	  0.26000	  5.68675	  0.26000	-44.87810	  0.26000	-44.66600	  0.26000	 -6.42675	  0.26000	 53.99859	  0.26000	 55.71648	  0.26000	 -3.49869	  0.26000	 56.65562	  0.26000	-24.12559	  0.26000	-103.06998	  0.26000	 49.91106	  0.26000	-30.46218	  0.26000	  3.59878	  0.26000	-42.93929	  0.26000	-29.64662	  0.26000	 -9.43720	  0.26000	 50.70855	  0.26000	 75.52064	
  0.28000	 -0.86225	  0.28000	 54.90569	  0.28000	-44.12440	  0.28000	-100.49200	  0.28000	 48.39719	  0.28000	-49.73630	  0.28000	  5.68675	  0.28000	-44.87810	  0.28000	-44.66600	  0.28000	 -6.42675	  0.28000	 53.99859	  0.28000	 55.71648	  0.28000	 -3.51939	  0.28000	 56.66627	  0.28000	-24.13523	  0.28000	-103.07059	  0.28000	 49.50471	  0.28000	-30.32835	  0.28000	  3.95986	  0.28000	-42.92516	  0.28000	-29.19591	  0.28000	 -9.32473	  0.28000	 51.16513	  0.28000	 75.54446	
  0.30000	 -0.86225	  0.30000	 54.90569	  0.30000	-44.12440	  0.30000	-100.49200	  0.30000	 48.39719	  0.30000	-49.73630	  0.30000	  5.68675	  0.30000	-44.87810	  0.30000	-44.66600	  0.30000	 -6.42675	  0.30000	 53.99859	  0.30000	 55.71648	  0.30000	 -3.31836	  0.30000	 56.59637	  0.30000	-24.11078	  0.30000	-102.83302	  0.30000	 48.85154	  0.30000	-30.18795	  0.30000	  4.71120	  0.30000	-42.97498	  0.30000	-28.70149	  0.30000	 -9.01389	  0.30000	 51.54000	  0.30000	 75.59879	
  0.32000	 -0.86225	  0.32000	 54.90569	  0.32000	-44.12440	  0.32000	-100.49200	  0.32000	 48.39719	  0.32000	-49.73630	  0.32000	  5.68675	  0.32000	-44.87810	  0.32000	-44.66600	  0.32000	 -6.42675	  0.32000	 53.99859	  0.32000	 55.71648	  0.32000	 -3.28165	  0.32000	 56.57374	  0.32000	-24.12226	  0.32000	-102.76595	  0.32000	 48.41266	  0.32000	-30.15179	  0.32000	  5.13586	  0.32000	-42.98575	  0.32000	-28.25205	  0.32000	 -8.94753	  0.32000	 51.95774	  0.32000	 75.61035	
  0.34000	 -0.86225	  0.34000	 54.90569	  0.34000	-44.12440	  0.34000	-100.49200	  0.34000	 48.39719	  0.34000	-49.73630	  0.34000	  5.68675	  0.34000	-44.87810	  0.34000	-44.66600	  0.34000	 -6.42675	  0.34000	 53.99859	  0.34000	 55.71648	  0.34000	 -3.24027	  0.34000	 56.57625	  0.34000	-24.13664	  0.34000	-102.70639	  0.34000	 48.17304	  0.34000	-30.13345	  0.34000	  5.39251	  0.34000	-42.98250	  0.34000	-27.81517	  0.34000	 -8.90145	  0.34000	 52.39970	  0.34000	 75.61561	
  0.36000	 -0.86225	  0.36000	 54.90569	  0.36000	-44.12440	  0.36000	-100.49200	  0.36000	 48.39719	  0.36000	-49.73630	  0.36000	  5.68675	  0.36000	-44.87810	  0.36000	-44.66600	  0.36000	 -6.42675	  0.36000	 53.99859	  0.36000	 55.71648	  0.36000	 -3.19364	  0.36000	 56.58008	  0.36000	-24.15019	  0.36000	-102.64020	  0.36000	 47.92845	  0.36000	-30.11804	  0.36000	  5.66103	  0.36000	-42.97485	  0.36000	-27.37700	  0.36000	 -8.85571	  0.36000	 52.84272	  0.36000	 75.61943	
  0.38000	 -0.86225	  0.38000	 54.90569	  0.38000	-44.12440	  0.38000	-100.49200	  0.38000	 48.39719	  0.38000	-49.73630	  0.38000	  5.68675	  0.38000	-44.87810	  0.38000	-44.66600	  0.38000	 -6.42675	  0.38000	 53.99859	  0.38000	 55.71648	  0.38000	 -3.14919	  0.38000	 56.58076	  0.38000	-24.16274	  0.38000	-102.57365	  0.38000	 47.65394	  0.38000	-30.09323	  0.38000	  5.95396	  0.38000	-42.96542	  0.38000	-26.93624	  0.38000	 -8.80513	  0.38000	 53.28337	  0.38000	 75.62274	
  0.40000	 -0.86225	  0.40000	 54.90569	  0.40000	-44.12440	  0.40000	-100.49200	  0.40000	 48.39719	  0.40000	-49.73630	  0.40000	  5.68675	  0.40000	-44.87810	  0.40000	-44.66600	  0.40000	 -6.42675	  0.40000	 53.99859	  0.40000	 55.71648	  0.40000	 -3.10592	  0.40000	 56.56724	  0.40000	-24.17276	  0.40000	-102.50759	  0.40000	 47.35645	  0.40000	-30.05082	  0.40000	  6.25427	  0.40000	-42.96672	  0.40000	-26.49240	  0.40000	 -8.74287	  0.40000	 53.71130	  0.40000	 75.62740	
  0.42000	 -0.86225	  0.42000	 54.90569	  0.42000	-44.12440	  0.42000	-100.49200	  0.42000	 48.39719	  0.42000	-49.73630	  0.42000	  5.68675	  0.42000	-44.87810	  0.42000	-44.66600	  0.42000	 -6.42675	  0.42000	 53.99859	  0.42000	 55.71648	  0.42000	 -3.10972	  0.42000	 56.58156	  0.42000	-24.19287	  0.42000	-102.49995	  0.42000	 47.23542	  0.42000	-30.05076	  0.42000	  6.36026	  0.42000	-42.95140	  0.42000	-26.06690	  0.42000	 -8.76505	  0.42000	 54.16423	  0.42000	 75.61784	
  0.44000	 -0.86225	  0.44000	 54.90569	  0.44000	-44.12440	  0.44000	-100.49200	  0.44000	 48.39719	  0.44000	-49.73630	  0.44000	  5.68675	  0.44000	-44.87810	  0.44000	-44.66600	  0.44000	 -6.42675	  0.44000	 53.99859	  0.44000	 55.71648	  0.44000	 -3.09337	  0.44000	 56.60041	  0.44000	-24.21463	  0.44000	-102.46774	  0.44000	 47.08967	  0.44000	-30.07658	  0.44000	  6.51611	  0.44000	-42.92659	  0.44000	-25.64135	  0.44000	 -8.79184	  0.44000	 54.61934	  0.44000	 75.60323	
  0.46000	 -0.86225	  0.46000	 54.90569	  0.46000	-44.12440	  0.46000	-100.49200	  0.46000	 48.39719	  0.46000	-49.73630	  0.46000	  5.68675	  0.46000	-44.87810	  0.46000	-44.66600	  0.46000	 -6.42675	  0.46000	 53.99859	  0.46000	 55.71648	  0.46000	 -3.05519	  0.46000	 56.60956	  0.46000	-24.22796	  0.46000	-102.40926	  0.46000	 46.86957	  0.46000	-30.05773	  0.46000	  6.75757	  0.46000	-42.90305	  0.46000	-25.20370	  0.46000	 -8.76146	  0.46000	 55.06808	  0.46000	 75.59721	
  0.48000	 -0.86225	  0.48000	 54.90569	  0.48000	-44.12440	  0.48000	-100.49200	  0.48000	 48.39719	  0.48000	-49.73630	  0.48000	  5.68675	  0.48000	-44.87810	  0.48000	-44.66600	  0.48000	 -6.42675	  0.48000	 53.99859	  0.48000	 55.71648	  0.48000	 -3.02874	  0.48000	 56.62297	  0.48000	-24.24464	  0.48000	-102.36367	  0.48000	 46.67860	  0.48000	-30.05541	  0.48000	  6.96272	  0.48000	-42.87525	  0.48000	-24.77076	  0.48000	 -8.75798	  0.48000	 55.51979	  0.48000	 75.58502	
  0.50000	 -0.86225	  0.50000	 54.90569	  0.50000	-44.12440	  0.50000	-100.49200	  0.50000	 48.39719	  0.50000	-49.73630	  0.50000	  5.68675	  0.50000	-44.87810	  0.50000	-44.66600	  0.50000	 -6.42675	  0.50000	 53.99859	  0.50000	 55.71648	  0.50000	 -3.00497	  0.50000	 56.63034	  0.50000	-24.26109	  0.50000	-102.31930	  0.50000	 46.47116	  0.50000	-30.05243	  0.50000	  7.17559	  0.50000	-42.85007	  0.50000	-24.33696	  0.50000	 -8.75846	  0.50000	 55.96542	  0.50000	 75.57106	
  0.52000	 -0.86225	  0.52000	 54.90569	  0.52000	-44.12440	  0.52000	-100.49200	  0.52000	 48.39719	  0.52000	-49.73630	  0.52000	  5.68675	  0.52000	-44.87810	  0.52000	-44.66600	  0.52000	 -6.42675	  0.52000	 53.99859	  0.52000	 55.71648	  0.52000	 -2.98141	  0.52000	 56.62656	  0.52000	-24.27526	  0.52000	-102.27367	  0.52000	 46.23752	  0.52000	-30.03708	  0.52000	  7.40323	  0.52000	-42.83208	  0.52000	-23.90001	  0.52000	 -8.75096	  0.52000	 56.40082	  0.52000	 75.55792	
  0.54000	 -0.86225	  0.54000	 54.90569	  0.54000	-44.12440	  0.54000	-100.49200	  0.54000	 48.39719	  0.54000	-49.73630	  0.54000	  5.68675	  0.54000	-44.87810	  0.54000	-44.66600	  0.54000	 -6.42675	  0.54000	 53.99859	  0.54000	 55.71648	  0.54000	 -2.96329	  0.54000	 56.62360	  0.54000	-24.29000	  0.54000	-102.23439	  0.54000	 46.01779	  0.54000	-30.02148	  0.54000	  7.61241	  0.54000	-42.81219	  0.54000	-23.46435	  0.54000	 -8.74995	  0.54000	 56.83709	  0.54000	 75.54223	
  0.56000	 -0.86225	  0.56000	 54.90569	  0.56000	-44.12440	  0.56000	-100.49200	  0.56000	 48.39719	  0.56000	-49.73630	  0.56000	  5.68675	  0.56000	-44.87810	  0.56000	-44.66600	  0.56000	 -6.42675	  0.56000	 53.99859	  0.56000	 55.71648	  0.56000	 -2.94366	  0.56000	 56.61637	  0.56000	-24.30395	  0.56000	-102.19590	  0.56000	 45.82056	  0.56000	-30.00708	  0.56000	  7.79642	  0.56000	-42.79705	  0.56000	-23.02942	  0.56000	 -8.75087	  0.56000	 57.26886	  0.56000	 75.52518	
  0.58000	 -0.86225	  0.58000	 54.90569	  0.58000	-44.12440	  0.58000	-100.49200	  0.58000	 48.39719	  0.58000	-49.73630	  0.58000	  5.68675	  0.58000	-44.87810	  0.58000	-44.66600	  0.58000	 -6.42675	  0.58000	 53.99859	  0.58000	 55.71648	  0.58000	 -2.92801	  0.58000	 56.61178	  0.58000	-24.31911	  0.58000	-102.16165	  0.58000	 45.63399	  0.58000	-29.99864	  0.58000	  7.96839	  0.58000	-42.77787	  0.58000	-22.59617	  0.58000	 -8.76197	  0.58000	 57.70266	  0.58000	 75.50463	
  0.60000	 -0.86225	  0.60000	 54.90569	  0.60000	-44.12440	  0.60000	-100.49200	  0.60000	 48.39719	  0.60000	-49.73630	  0.60000	  5.68675	  0.60000	-44.87810	  0.60000	-44.66600	  0.60000	 -6.42675	  0.60000	 53.99859	  0.60000	 55.71648	  0.60000	 -2.91366	  0.60000	 56.60830	  0.60000	-24.33501	  0.60000	-102.13021	  0.60000	 45.46744	  0.60000	-29.99550	  0.60000	  8.12010	  0.60000	-42.75742	  0.60000	-22.16475	  0.60000	 -8.77998	  0.60000	 58.13700	  0.60000	 75.48109	
  0.62000	 -0.86225	  0.62000	 54.90569	  0.62000	-44.12440	  0.62000	-100.49200	  0.62000	 48.39719	  0.62000	-49.73630	  0.62000	  5.68675	  0.62000	-44.87810	  0.62000	-44.66600	  0.62000	 -6.42675	  0.62000	 53.99859	  0.62000	 55.71648	  0.62000	 -2.90009	  0.62000	 56.60409	  0.62000	-24.35079	  0.62000	-102.09873	  0.62000	 45.29459	  0.62000	-29.99065	  0.62000	  8.27653	  0.62000	-42.73489	  0.62000	-21.73292	  0.62000	 -8.79868	  0.62000	 58.57064	  0.62000	 75.45573	
  0.64000	 -0.86225	  0.64000	 54.90569	  0.64000	-44.12440	  0.64000	-100.49200	  0.64000	 48.39719	  0.64000	-49.73630	  0.64000	  5.68675	  0.64000	-44.87810	  0.64000	-44.66600	  0.64000	 -6.42675	  0.64000	 53.99859	  0.64000	 55.71648	  0.64000	 -2.88461	  0.64000	 56.59496	  0.64000	-24.36557	  0.64000	-102.06451	  0.64000	 45.11106	  0.64000	-29.98253	  0.64000	  8.44061	  0.64000	-42.71436	  0.64000	-21.29980	  0.64000	 -8.81479	  0.64000	 58.99947	  0.64000	 75.42950	
  0.66000	 -0.86225	  0.66000	 54.90569	  0.66000	-44.12440	  0.66000	-100.49200	  0.66000	 48.39719	  0.66000	-49.73630	  0.66000	  5.68675	  0.66000	-44.87810	  0.66000	-44.66600	  0.66000	 -6.42675	  0.66000	 53.99859	  0.66000	 55.71648	  0.66000	 -2.87470	  0.66000	 56.59097	  0.66000	-24.38259	  0.66000	-102.03822	  0.66000	 44.95989	  0.66000	-29.98609	  0.66000	  8.57162	  0.66000	-42.68969	  0.66000	-20.87052	  0.66000	 -8.84634	  0.66000	 59.43226	  0.66000	 75.39852	
  0.68000	 -0.86225	  0.68000	 54.90569	  0.68000	-44.12440	  0.68000	-100.49200	  0.68000	 48.39719	  0.68000	-49.73630	  0.68000	  5.68675	  0.68000	-44.87810	  0.68000	-44.66600	  0.68000	 -6.42675	  0.68000	 53.99859	  0.68000	 55.71648	  0.68000	 -2.86731	  0.68000	 56.59082	  0.68000	-24.40065	  0.68000	-102.01802	  0.68000	 44.84827	  0.68000	-29.99833	  0.68000	  8.66409	  0.68000	-42.66328	  0.68000	-20.44438	  0.68000	 -8.88776	  0.68000	 59.86800	  0.68000	 75.36417	
  0.70000	 -0.86225	  0.70000	 54.90569	  0.70000	-44.12440	  0.70000	-100.49200	  0.70000	 48.39719	  0.70000	-49.73630	  0.70000	  5.68675	  0.70000	-44.87810	  0.70000	-44.66600	  0.70000	 -6.42675	  0.70000	 53.99859	  0.70000	 55.71648	  0.70000	 -2.85926	  0.70000	 56.58837	  0.70000	-24.41821	  0.70000	-101.99966	  0.70000	 44.75733	  0.70000	-30.01195	  0.70000	  8.73402	  0.70000	-42.63988	  0.70000	-20.01912	  0.70000	 -8.93023	  0.70000	 60.30114	  0.70000	 75.32829	
  0.72000	 -0.86225	  0.72000	 54.90569	  0.72000	-44.12440	  0.72000	-100.49200	  0.72000	 48.39719	  0.72000	-49.73630	  0.72000	  5.68675	  0.72000	-44.87810	  0.72000	-44.66600	  0.72000	 -6.42675	  0.72000	 53.99859	  0.72000	 55.71648	  0.72000	 -2.85428	  0.72000	 56.58798	  0.72000	-24.43660	  0.72000	-101.98315	  0.72000	 44.65962	  0.72000	-30.02806	  0.72000	  8.80939	  0.72000	-42.61138	  0.72000	-19.59427	  0.72000	 -8.97853	  0.72000	 60.73594	  0.72000	 75.28949	
  0.74000	 -0.86225	  0.74000	 54.90569	  0.74000	-44.12440	  0.74000	-100.49200	  0.74000	 48.39719	  0.74000	-49.73630	  0.74000	  5.68675	  0.74000	-44.87810	  0.74000	-44.66600	  0.74000	 -6.42675	  0.74000	 53.99859	  0.74000	 55.71648	  0.74000	 -2.85440	  0.74000	 56.59412	  0.74000	-24.45712	  0.74000	-101.97478	  0.74000	 44.59849	  0.74000	-30.05521	  0.74000	  8.84904	  0.74000	-42.57802	  0.74000	-19.17338	  0.74000	 -9.03991	  0.74000	 61.17620	  0.74000	 75.24618	
  0.76000	 -0.86225	  0.76000	 54.90569	  0.76000	-44.12440	  0.76000	-100.49200	  0.76000	 48.39719	  0.76000	-49.73630	  0.76000	  5.68675	  0.76000	-44.87810	  0.76000	-44.66600	  0.76000	 -6.42675	  0.76000	 53.99859	  0.76000	 55.71648	  0.76000	 -2.85701	  0.76000	 56.60073	  0.76000	-24.47872	  0.76000	-101.97260	  0.76000	 44.57215	  0.76000	-30.09096	  0.76000	  8.85132	  0.76000	-42.54645	  0.76000	-18.75563	  0.76000	 -9.10974	  0.76000	 61.61609	  0.76000	 75.19953	
  0.78000	 -0.86225	  0.78000	 54.90569	  0.78000	-44.12440	  0.78000	-100.49200	  0.78000	 48.39719	  0.78000	-49.73630	  0.78000	  5.68675	  0.78000	-44.87810	  0.78000	-44.66600	  0.78000	 -6.42675	  0.78000	 53.99859	  0.78000	 55.71648	  0.78000	 -2.86123	  0.78000	 56.61217	  0.78000	-24.50074	  0.78000	-101.97353	  0.78000	 44.56419	  0.78000	-30.12949	  0.78000	  8.83796	  0.78000	-42.50981	  0.78000	-18.33920	  0.78000	 -9.18285	  0.78000	 62.06048	  0.78000	 75.15044	
  0.80000	 -0.86225	  0.80000	 54.90569	  0.80000	-44.12440	  0.80000	-100.49200	  0.80000	 48.39719	  0.80000	-49.73630	  0.80000	  5.68675	  0.80000	-44.87810	  0.80000	-44.66600	  0.80000	 -6.42675	  0.80000	 53.99859	  0.80000	 55.71648	  0.80000	 -2.86487	  0.80000	 56.62048	  0.80000	-24.52261	  0.80000	-101.97693	  0.80000	 44.58014	  0.80000	-30.17188	  0.80000	  8.79766	  0.80000	-42.47770	  0.80000	-17.92429	  0.80000	 -9.25760	  0.80000	 62.50135	  0.80000	 75.09944	
  0.82000	 -0.86225	  0.82000	 54.90569	  0.82000	-44.12440	  0.82000	-100.49200	  0.82000	 48.39719	  0.82000	-49.73630	  0.82000	  5.68675	  0.82000	-44.87810	  0.82000	-44.66600	  0.82000	 -6.42675	  0.82000	 53.99859	  0.82000	 55.71648	  0.82000	 -2.87467	  0.82000	 56.63678	  0.82000	-24.54678	  0.82000	-101.98761	  0.82000	 44.61697	  0.82000	-30.22416	  0.82000	  8.73783	  0.82000	-42.43768	  0.82000	-17.51804	  0.82000	 -9.34429	  0.82000	 62.94387	  0.82000	 75.04422	
  0.84000	 -0.86225	  0.84000	 54.90569	  0.84000	-44.12440	  0.84000	-100.49200	  0.84000	 48.39719	  0.84000	-49.73630	  0.84000	  5.68675	  0.84000	-44.87810	  0.84000	-44.66600	  0.84000	 -6.42675	  0.84000	 53.99859	  0.84000	 55.71648	  0.84000	 -2.88551	  0.84000	 56.65353	  0.84000	-24.56955	  0.84000	-102.00429	  0.84000	 44.69798	  0.84000	-30.28053	  0.84000	  8.63535	  0.84000	-42.40349	  0.84000	-17.15489	  0.84000	 -9.42905	  0.84000	 63.34488	  0.84000	 74.99155	
  0.86000	 -0.86225	  0.86000	 54.90569	  0.86000	-44.12440	  0.86000	-100.49200	  0.86000	 48.39719	  0.86000	-49.73630	  0.86000	  5.68675	  0.86000	-44.87810	  0.86000	-44.66600	  0.86000	 -6.42675	  0.86000	 53.99859	  0.86000	 55.71648	  0.86000	 -2.89661	  0.86000	 56.66988	  0.86000	-24.58998	  0.86000	-102.02272	  0.86000	 44.79093	  0.86000	-30.33362	  0.86000	  8.52321	  0.86000	-42.37309	  0.86000	-16.83877	  0.86000	 -9.50599	  0.86000	 63.69741	  0.86000	 74.94360	
  0.88000	 -0.86225	  0.88000	 54.90569	  0.88000	-44.12440	  0.88000	-100.49200	  0.88000	 48.39719	  0.88000	-49.73630	  0.88000	  5.68675	  0.88000	-44.87810	  0.88000	-44.66600	  0.88000	 -6.42675	  0.88000	 53.99859	  0.88000	 55.71648	  0.88000	 -2.90904	  0.88000	 56.68848	  0.88000	-24.60843	  0.88000	-102.04234	  0.88000	 44.88469	  0.88000	-30.38285	  0.88000	  8.41428	  0.88000	-42.34260	  0.88000	-16.56921	  0.88000	 -9.57638	  0.88000	 64.00416	  0.88000	 74.90051	
  0.90000	 -0.86225	  0.90000	 54.90569	  0.90000	-44.12440	  0.90000	-100.49200	  0.90000	 48.39719	  0.90000	-49.73630	  0.90000	  5.68675	  0.90000	-44.87810	  0.90000	-44.66600	  0.90000	 -6.42675	  0.90000	 53.99859	  0.90000	 55.71648	  0.90000	 -2.91948	  0.90000	 56.70342	  0.90000	-24.62398	  0.90000	-102.05979	  0.90000	 44.97210	  0.90000	-30.42560	  0.90000	  8.31330	  0.90000	-42.31823	  0.90000	-16.34516	  0.90000	 -9.63550	  0.90000	 64.25937	  0.90000	 74.86374	
  0.92000	 -0.86225	  0.92000	 54.90569	  0.92000	-44.12440	  0.92000	-100.49200	  0.92000	 48.39719	  0.92000	-49.73630	  0.92000	  5.68675	  0.92000	-44.87810	  0.92000	-44.66600	  0.92000	 -6.42675	  0.92000	 53.99859	  0.92000	 55.71648	  0.92000	 -2.92873	  0.92000	 56.71653	  0.92000	-24.63698	  0.92000	-102.07622	  0.92000	 45.05837	  0.92000	-30.46335	  0.92000	  8.21615	  0.92000	-42.29890	  0.92000	-16.16715	  0.92000	 -9.68510	  0.92000	 64.46480	  0.92000	 74.83321	
  0.94000	 -0.86225	  0.94000	 54.90569	  0.94000	-44.12440	  0.94000	-100.49200	  0.94000	 48.39719	  0.94000	-49.73630	  0.94000	  5.68675	  0.94000	-44.87810	  0.94000	-44.66600	  0.94000	 -6.42675	  0.94000	 53.99859	  0.94000	 55.71648	  0.94000	 -2.93651	  0.94000	 56.72473	  0.94000	-24.64712	  0.94000	-102.08916	  0.94000	 45.12046	  0.94000	-30.49333	  0.94000	  8.14322	  0.94000	-42.28562	  0.94000	-16.03370	  0.94000	 -9.72434	  0.94000	 64.61739	  0.94000	 74.80959	
  0.96000	 -0.86225	  0.96000	 54.90569	  0.96000	-44.12440	  0.96000	-100.49200	  0.96000	 48.39719	  0.96000	-49.73630	  0.96000	  5.68675	  0.96000	-44.87810	  0.96000	-44.66600	  0.96000	 -6.42675	  0.96000	 53.99859	  0.96000	 55.71648	  0.96000	 -2.94191	  0.96000	 56.73209	  0.96000	-24.65419	  0.96000	-102.09914	  0.96000	 45.17443	  0.96000	-30.51508	  0.96000	  8.08357	  0.96000	-42.27597	  0.96000	-15.94527	  0.96000	 -9.75116	  0.96000	 64.72140	  0.96000	 74.79333	
  0.98000	 -0.86225	  0.98000	 54.90569	  0.98000	-44.12440	  0.98000	-100.49200	  0.98000	 48.39719	  0.98000	-49.73630	  0.98000	  5.68675	  0.98000	-44.87810	  0.98000	-44.66600	  0.98000	 -6.42675	  0.98000	 53.99859	  0.98000	 55.71648	  0.98000	 -2.94534	  0.98000	 56.73640	  0.98000	-24.65818	  0.98000	-102.10560	  0.98000	 45.20945	  0.98000	-30.52824	  0.98000	  8.04545	  0.98000	-42.27129	  0.98000	-15.90133	  0.98000	 -9.76650	  0.98000	 64.77452	  0.98000	 74.78458	
  1.00000	 -0.86225	  1.00000	 54.90569	  1.00000	-44.12440	  1.00000	-100.49200	  1.00000	 48.39719	  1.00000	-49.73630	  1.00000	  5.68675	  1.00000	-44.87810	  1.00000	-44.66600	  1.00000	 -6.42675	  1.00000	 53.99859	  1.00000	 55.71648	  1.00000	 -2.94626	  1.00000	 56.73662	  1.00000	-24.65909	  1.00000	-102.10822	  1.00000	 45.22628	  1.00000	-30.53299	  1.00000	  8.02725	  1.00000	-42.27248	  1.00000	-15.89654	  1.00000	 -9.77050	  1.00000	 64.78114	  1.00000	 74.78294	
  1.02000	 -0.86225	  1.02000	 54.90569	  1.02000	-44.12440	  1.02000	-100.49200	  1.02000	 48.39719	  1.02000	-49.73630	  1.02000	  5.68675	  1.02000	-44.87810	  1.02000	-44.66600	  1.02000	 -6.42675	  1.02000	 53.99859	  1.02000	 55.71648	  1.02000	 -2.94638	  1.02000	 56.73638	  1.02000	-24.65917	  1.02000	-102.10883	  1.02000	 45.23077	  1.02000	-30.53394	  1.02000	  8.02235	  1.02000	-42.27327	  1.02000	-15.89689	  1.02000	 -9.77106	  1.02000	 64.78087	  1.02000	 74.78284	
  1.04000	 -0.86225	  1.04000	 54.90569	  1.04000	-44.12440	  1.04000	-100.49200	  1.04000	 48.39719	  1.04000	-49.73630	  1.04000	  5.68675	  1.04000	-44.87810	  1.04000	-44.66600	  1.04000	 -6.42675	  1.04000	 53.99859	  1.04000	 55.71648	  1.04000	 -2.94639	  1.04000	 56.73639	  1.04000	-24.65918	  1.04000	-102.10884	  1.04000	 45.23077	  1.04000	-30.53396	  1.04000	  8.02235	  1.04000	-42.27327	  1.04000	-15.89689	  1.04000	 -9.77109	  1.04000	 64.78088	  1.04000	 74.78284	
  1.06000	 -0.86225	  1.06000	 54.90569	  1.06000	-44.12440	  1.06000	-100.49200	  1.06000	 48.39719	  1.06000	-49.73630	  1.06000	  5.68675	  1.06000	-44.87810	  1.06000	-44.66600	  1.06000	 -6.42675	  1.06000	 53.99859	  1.06000	 55.71648	  1.06000	 -2.94639	  1.06000	 56.73639	  1.06000	-24.65918	  1.06000	-102.10884	  1.06000	 45.23077	  1.06000	-30.53396	  1.06000	  8.02234	  1.06000	-42.27327	  1.06000	-15.89689	  1.06000	 -9.77109	  1.06000	 64.78088	  1.06000	 74.78284	
  1.08000	 -0.86225	  1.08000	 54.90569	  1.08000	-44.12440	  1.08000	-100.49200	  1.08000	 48.39719	  1.08000	-49.73630	  1.08000	  5.68675	  1.08000	-44.87810	  1.08000	-44.66600	  1.08000	 -6.42675	  1.08000	 53.99859	  1.08000	 55.71648	  1.08000	 -2.94639	  1.08000	 56.73639	  1.08000	-24.65918	  1.08000	-102.10884	  1.08000	 45.23077	  1.08000	-30.53396	  1.08000	  8.02234	  1.08000	-42.27327	  1.08000	-15.89689	  1.08000	 -9.77109	  1.08000	 64.78088	  1.08000	 74.78284	
  1.10000	 -0.86225	  1.10000	 54.90569	  1.10000	-44.12440	  1.10000	-100.49200	  1.10000	 48.39719	  1.10000	-49.73630	  1.10000	  5.68675	  1.10000	-44.87810	  1.10000	-44.66600	  1.10000	 -6.42675	  1.10000	 53.99859	  1.10000	 55.71648	  1.10000	 -2.94639	  1.10000	 56.73639	  1.10000	-24.65918	  1.10000	-102.10884	  1.10000	 45.23077	  1.10000	-30.53396	  1.10000	  8.02234	  1.10000	-42.27327	  1.10000	-15.89689	  1.10000	 -9.77109	  1.10000	 64.78088	  1.10000	 74.78284	
  1.12000	 -0.86225	  1.12000	 54.90569	  1.12000	-44.12440	  1.12000	-100.49200	  1.12000	 48.39719	  1.12000	-49.73630	  1.12000	  5.68675	  1.12000	-44.87810	  1.12000	-44.66600	  1.12000	 -6.42675	  1.12000	 53.99859	  1.12000	 55.71648	  1.12000	 -2.94639	  1.12000	 56.73639	  1.12000	-24.65918	  1.12000	-102.10884	  1.12000	 45.23077	  1.12000	-30.53396	  1.12000	  8.02234	  1.12000	-42.27327	  1.12000	-15.89689	  1.12000	 -9.77109	  1.12000	 64.78088	  1.12000	 74.78284	
  1.14000	 -0.86225	  1.14000	 54.90569	  1.14000	-44.12440	  1.14000	-100.49200	  1.14000	 48.39719	  1.14000	-49.73630	  1.14000	  5.68675	  1.14000	-44.87810	  1.14000	-44.66600	  1.14000	 -6.42675	  1.14000	 53.99859	  1.14000	 55.71648	  1.14000	 -2.94639	  1.14000	 56.73639	  1.14000	-24.65918	  1.14000	-102.10884	  1.14000	 45.23077	  1.14000	-30.53396	  1.14000	  8.02234	  1.14000	-42.27327	  1.14000	-15.89689	  1.14000	 -9.77109	  1.14000	 64.78088	  1.14000	 74.78284	
  1.16000	 -0.86225	  1.16000	 54.90569	  1.16000	-44.12440	  1.16000	-100.49200	  1.16000	 48.39719	  1.16000	-49.73630	  1.16000	  5.68675	  1.16000	-44.87810	  1.16000	-44.66600	  1.16000	 -6.42675	  1.16000	 53.99859	  1.16000	 55.71648	  1.16000	 -2.94639	  1.16000	 56.73639	  1.16000	-24.65918	  1.16000	-102.10884	  1.16000	 45.23077	  1.16000	-30.53396	  1.16000	  8.02234	  1.16000	-42.27327	  1.16000	-15.89689	  1.16000	 -9.77109	  1.16000	 64.78088	  1.16000	 74.78284	
  1.18000	 -0.86225	  1.18000	 54.90569	  1.18000	-44.12440	  1.18000	-100.49200	  1.18000	 48.39719	  1.18000	-49.73630	  1.18000	  5.68675	  1.18000	-44.87810	  1.18000	-44.66600	  1.18000	 -6.42675	  1.18000	 53.99859	  1.18000	 55.71648	  1.18000	 -2.94639	  1.18000	 56.73639	  1.18000	-24.65918	  1.18000	-102.10884	  1.18000	 45.23077	  1.18000	-30.53396	  1.18000	  8.02234	  1.18000	-42.27327	  1.18000	-15.89689	  1.18000	 -9.77109	  1.18000	 64.78088	  1.18000	 74.78284	
  1.20000	 -0.86225	  1.20000	 54.90569	  1.20000	-44.12440	  1.20000	-100.49200	  1.20000	 48.39719	  1.20000	-49.73630	  1.20000	  5.68675	  1.20000	-44.87810	  1.20000	-44.66600	  1.20000	 -6.42675	  1.20000	 53.99859	  1.20000	 55.71648	  1.20000	 -2.94639	  1.20000	 56.73639	  1.20000	-24.65918	  1.20000	-102.10884	  1.20000	 45.23077	  1.20000	-30.53396	  1.20000	  8.02234	  1.20000	-42.27327	  1.20000	-15.89689	  1.20000	 -9.77109	  1.20000	 64.78088	  1.20000	 74.78284	
  1.22000	 -0.86225	  1.22000	 54.90569	  1.22000	-44.12440	  1.22000	-100.49200	  1.22000	 48.39719	  1.22000	-49.73630	  1.22000	  5.68675	  1.22000	-44.87810	  1.22000	-44.66600	  1.22000	 -6.42675	  1.22000	 53.99859	  1.22000	 55.71648	  1.22000	 -2.94639	  1.22000	 56.73639	  1.22000	-24.65918	  1.22000	-102.10884	  1.22000	 45.23077	  1.22000	-30.53396	  1.22000	  8.02234	  1.22000	-42.27327	  1.22000	-15.89689	  1.22000	 -9.77109	  1.22000	 64.78088	  1.22000	 74.78284	
  1.24000	 -0.86225	  1.24000	 54.90569	  1.24000	-44.12440	  1.24000	-100.49200	  1.24000	 48.39719	  1.24000	-49.73630	  1.24000	  5.68675	  1.24000	-44.87810	  1.24000	-44.66600	  1.24000	 -6.42675	  1.24000	 53.99859	  1.24000	 55.71648	  1.24000	 -2.94639	  1.24000	 56.73639	  1.24000	-24.65918	  1.24000	-102.10884	  1.24000	 45.23077	  1.24000	-30.53396	  1.24000	  8.02234	  1.24000	-42.27327	  1.24000	-15.89689	  1.24000	 -9.77109	  1.24000	 64.78088	  1.24000	 74.78284	
  1.26000	 -0.86225	  1.26000	 54.90569	  1.26000	-44.12440	  1.26000	-100.49200	  1.26000	 48.39719	  1.26000	-49.73630	  1.26000	  5.68675	  1.26000	-44.87810	  1.26000	-44.66600	  1.26000	 -6.42675	  1.26000	 53.99859	  1.26000	 55.71648	  1.26000	 -2.94639	  1.26000	 56.73639	  1.26000	-24.65918	  1.26000	-102.10884	  1.26000	 45.23077	  1.26000	-30.53396	  1.26000	  8.02234	  1.26000	-42.27327	  1.26000	-15.89689	  1.26000	 -9.77109	  1.26000	 64.78088	  1.26000	 74.78284	
  1.28000	 -0.86225	  1.28000	 54.90569	  1.28000	-44.12440	  1.28000	-100.49200	  1.28000	 48.39719	  1.28000	-49.73630	  1.28000	  5.68675	  1.28000	-44.87810	  1.28000	-44.66600	  1.28000	 -6.42675	  1.28000	 53.99859	  1.28000	 55.71648	  1.28000	 -2.94639	  1.28000	 56.73639	  1.28000	-24.65918	  1.28000	-102.10884	  1.28000	 45.23077	  1.28000	-30.53396	  1.28000	  8.02234	  1.28000	-42.27327	  1.28000	-15.89689	  1.28000	 -9.77109	  1.28000	 64.78088	  1.28000	 74.78284	
  1.30000	 -0.86225	  1.30000	 54.90569	  1.30000	-44.12440	  1.30000	-100.49200	  1.30000	 48.39719	  1.30000	-49.73630	  1.30000	  5.68675	  1.30000	-44.87810	  1.30000	-44.66600	  1.30000	 -6.42675	  1.30000	 53.99859	  1.30000	 55.71648	  1.30000	 -2.94639	  1.30000	 56.73639	  1.30000	-24.65918	  1.30000	-102.10884	  1.30000	 45.23077	  1.30000	-30.53396	  1.30000	  8.02234	  1.30000	-42.27327	  1.30000	-15.89689	  1.30000	 -9.77109	  1.30000	 64.78088	  1.30000	 74.78284	
  1.32000	 -0.86225	  1.32000	 54.90569	  1.32000	-44.12440	  1.32000	-100.49200	  1.32000	 48.39719	  1.32000	-49.73630	  1.32000	  5.68675	  1.32000	-44.87810	  1.32000	-44.66600	  1.32000	 -6.42675	  1.32000	 53.99859	  1.32000	 55.71648	  1.32000	 -2.94639	  1.32000	 56.73639	  1.32000	-24.65918	  1.32000	-102.10884	  1.32000	 45.23077	  1.32000	-30.53396	  1.32000	  8.02234	  1.32000	-42.27327	  1.32000	-15.89689	  1.32000	 -9.77109	  1.32000	 64.78088	  1.32000	 74.78284	
  1.34000	 -0.86225	  1.34000	 54.90569	  1.34000	-44.12440	  1.34000	-100.49200	  1.34000	 48.39719	  1.34000	-49.73630	  1.34000	  5.68675	  1.34000	-44.87810	  1.34000	-44.66600	  1.34000	 -6.42675	  1.34000	 53.99859	  1.34000	 55.71648	  1.34000	 -2.94639	  1.34000	 56.73639	  1.34000	-24.65918	  1.34000	-102.10884	  1.34000	 45.23077	  1.34000	-30.53396	  1.34000	  8.02234	  1.34000	-42.27327	  1.34000	-15.89689	  1.34000	 -9.77109	  1.34000	 64.78088	  1.34000	 74.78284	
  1.36000	 -0.86225	  1.36000	 54.90569	  1.36000	-44.12440	  1.36000	-100.49200	  1.36000	 48.39719	  1.36000	-49.73630	  1.36000	  5.68675	  1.36000	-44.87810	  1.36000	-44.66600	  1.36000	 -6.42675	  1.36000	 53.99859	  1.36000	 55.71648	  1.36000	 -2.94639	  1.36000	 56.73639	  1.36000	-24.65918	  1.36000	-102.10884	  1.36000	 45.23077	  1.36000	-30.53396	  1.36000	  8.02234	  1.36000	-42.27327	  1.36000	-15.89689	  1.36000	 -9.77109	  1.36000	 64.78088	  1.36000	 74.78284	
  1.38000	 -0.86225	  1.38000	 54.90569	  1.38000	-44.12440	  1.38000	-100.49200	  1.38000	 48.39719	  1.38000	-49.73630	  1.38000	  5.68675	  1.38000	-44.87810	  1.38000	-44.66600	  1.38000	 -6.42675	  1.38000	 53.99859	  1.38000	 55.71648	  1.38000	 -2.94639	  1.38000	 56.73639	  1.38000	-24.65918	  1.38000	-102.10884	  1.38000	 45.23077	  1.38000	-30.53396	  1.38000	  8.02234	  1.38000	-42.27327	  1.38000	-15.89689	  1.38000	 -9.77109	  1.38000	 64.78088	  1.38000	 74.78284	
  1.40000	 -0.86225	  1.40000	 54.90569	  1.40000	-44.12440	  1.40000	-100.49200	  1.40000	 48.39719	  1.40000	-49.73630	  1.40000	  5.68675	  1.40000	-44.87810	  1.40000	-44.66600	  1.40000	 -6.42675	  1.40000	 53.99859	  1.40000	 55.71648	  1.40000	 -2.94639	  1.40000	 56.73639	  1.40000	-24.65918	  1.40000	-102.10884	  1.40000	 45.23077	  1.40000	-30.53396	  1.40000	  8.02234	  1.40000	-42.27327	  1.40000	-15.89689	  1.40000	 -9.77109	  1.40000	 64.78088	  1.40000	 74.78284	
  1.42000	 -0.86225	  1.42000	 54.90569	  1.42000	-44.12440	  1.42000	-100.49200	  1.42000	 48.39719	  1.42000	-49.73630	  1.42000	  5.68675	  1.42000	-44.87810	  1.42000	-44.66600	  1.42000	 -6.42675	  1.42000	 53.99859	  1.42000	 55.71648	  1.42000	 -2.94639	  1.42000	 56.73639	  1.42000	-24.65918	  1.42000	-102.10884	  1.42000	 45.23077	  1.42000	-30.53396	  1.42000	  8.02234	  1.42000	-42.27327	  1.42000	-15.89689	  1.42000	 -9.77109	  1.42000	 64.78088	  1.42000	 74.78284	
  1.44000	 -0.86225	  1.44000	 54.90569	  1.44000	-44.12440	  1.44000	-100.49200	  1.44000	 48.39719	  1.44000	-49.73630	  1.44000	  5.68675	  1.44000	-44.87810	  1.44000	-44.66600	  1.44000	 -6.42675	  1.44000	 53.99859	  1.44000	 55.71648	  1.44000	 -2.94639	  1.44000	 56.73639	  1.44000	-24.65918	  1.44000	-102.10884	  1.44000	 45.23077	  1.44000	-30.53396	  1.44000	  8.02234	  1.44000	-42.27327	  1.44000	-15.89689	  1.44000	 -9.77109	  1.44000	 64.78088	  1.44000	 74.78284	
  1.46000	 -0.86225	  1.46000	 54.90569	  1.46000	-44.12440	  1.46000	-100.49200	  1.46000	 48.39719	  1.46000	-49.73630	  1.46000	  5.68675	  1.46000	-44.87810	  1.46000	-44.66600	  1.46000	 -6.42675	  1.46000	 53.99859	  1.46000	 55.71648	  1.46000	 -2.94639	  1.46000	 56.73639	  1.46000	-24.65918	  1.46000	-102.10884	  1.46000	 45.23077	  1.46000	-30.53396	  1.46000	  8.02234	  1.46000	-42.27327	  1.46000	-15.89689	  1.46000	 -9.77109	  1.46000	 64.78088	  1.46000	 74.78284	
  1.48000	 -0.86225	  1.48000	 54.90569	  1.48000	-44.12440	  1.48000	-100.49200	  1.48000	 48.39719	  1.48000	-49.73630	  1.48000	  5.68675	  1.48000	-44.87810	  1.48000	-44.66600	  1.48000	 -6.42675	  1.48000	 53.99859	  1.48000	 55.71648	  1.48000	 -2.94639	  1.48000	 56.73639	  1.48000	-24.65918	  1.48000	-102.10884	  1.48000	 45.23077	  1.48000	-30.53396	  1.48000	  8.02234	  1.48000	-42.27327	  1.48000	-15.89689	  1.48000	 -9.77109	  1.48000	 64.78088	  1.48000	 74.78284	
  1.50000	 -0.86225	  1.50000	 54.90569	  1.50000	-44.12440	  1.50000	-100.49200	  1.50000	 48.39719	  1.50000	-49.73630	  1.50000	  5.68675	  1.50000	-44.87810	  1.50000	-44.66600	  1.50000	 -6.42675	  1.50000	 53.99859	  1.50000	 55.71648	  1.50000	 -2.94639	  1.50000	 56.73639	  1.50000	-24.65918	  1.50000	-102.10884	  1.50000	 45.23077	  1.50000	-30.53396	  1.50000	  8.02234	  1.50000	-42.27327	  1.50000	-15.89689	  1.50000	 -9.77109	  1.50000	 64.78088	  1.50000	 74.78284	
