0.99521,115.53,0.98826,115.84,1.066,68.722,0.95636,92.474,0.80121,0.91324,0.84782,101.93,0.94264,153.14,0.96092,65.293,1.2205,60.601,1.2492,74.33,0.91778,77.579,0.94086,85.31,1.1363,31.292,65.163,43.917,104.06,1168.1,1381.2
1.1974,45.373,1.0154,78.892,1.15,75.193,1.1349,161.43,0.80172,0.92683,0.86257,170.48,0.89648,141.05,1.0443,69.72,0.84461,58.125,1.0792,92.804,0.97418,87.676,0.90547,63.471,1.1305,34.956,83.869,49.722,110.48,4001.8,4245.8
1.0437,34.524,1.1279,103.06,1.0607,104.39,1.1436,126.48,0.68114,0.9083,0.90232,165.24,0.7797,125.67,0.95904,68.668,1.1873,90.282,0.94918,50,1.026,90.164,1.0185,30,0.8619,35.341,124.55,56.501,126.42,2690.2,2997.7
0.84416,55.259,1.0713,86.9,0.94403,71.763,1.0409,69.533,0.71084,0.76348,0.92787,49.465,0.81462,112.39,0.81842,34.944,1.1927,73.804,1.1894,67.697,0.94462,41.62,0.88971,53.058,1.2455,48.936,83.666,48.268,134.62,2245.2,2511.8
0.95932,55.132,1.0765,72.533,0.85825,150,0.99568,88.755,0.86718,0.75,0.88897,129.27,0.85172,135.58,1.0607,55.651,1.0987,99.073,0.98766,70.412,1.0027,91.269,1.0354,87.269,0.97116,80.726,105.82,45.297,118.9,1430.5,1700.5
1.0696,40.672,0.9751,128.26,0.8994,71.472,0.96881,111.21,0.94978,0.82232,0.79822,116.42,0.87943,61.134,0.88079,57.737,0.77054,85.158,1.2376,75.215,0.91868,98.023,0.98976,66.052,1.0792,47.136,94.331,58.432,125.65,2600.2,2878.7
0.8083,136.68,0.86605,87.15,0.90502,63.762,1.0149,171.12,0.90712,0.87779,0.7667,109.4,0.93538,136.69,1.1591,38.704,1.1461,71.136,1.25,74.731,0.87891,30,0.98166,91.699,1.0764,62.938,56.689,41.674,116.5,2415.5,2630.3
1.2494,114.93,0.99928,51.042,0.89663,138.58,0.86268,131.07,0.85452,0.80587,0.77331,52.747,0.81242,104.44,1.25,36.773,0.8802,81.728,1.009,67.136,1.0511,81.186,0.8812,95.285,0.77571,82.793,171.28,78.139,147.97,6420.9,6818.3
0.83332,87.214,0.9184,112.01,0.90395,90.42,1.0098,116.02,0.71349,0.86414,0.93397,137.66,0.85125,177.42,1.1336,62.393,0.94517,54.878,0.92173,79.591,1.0697,68.181,0.85997,69.496,0.98743,74.72,81.803,56.7,127.69,1852.7,2118.9
0.99801,35.412,1.0787,54.548,0.88358,94.45,1.0097,144.85,0.8684,0.80544,0.81478,125.07,0.79079,143.3,0.95034,67.463,1.0403,90.696,0.97546,75.75,0.96375,56.583,0.91641,58.301,0.93133,29.197,145.14,55.292,143.77,1728.5,2072.7
0.91436,58.699,0.89412,60.66,1.0579,95.451,1.055,161.32,0.72577,0.78288,0.86926,108.76,0.89817,130.47,1.2032,48.196,1.0457,91.143,0.87221,98.442,1.0018,70.267,1.0263,73.621,0.82111,11.802,134.38,40.078,104.91,2659,2938.3
0.94752,70.547,1.0547,150,0.8871,111.1,1.0092,179.71,0.77861,0.89907,0.80557,115.37,0.76997,73.009,1.0789,76.451,1.1134,67.22,0.90893,60.485,1.0907,90.499,1.0736,90.158,0.91119,80.421,142.87,67.73,129.99,1570.3,1910.9
0.93096,81.002,1.06,145.93,1.0279,101.69,0.90459,173.77,0.87609,0.84045,0.7582,134.73,0.78818,48.879,1.18,92.885,1.0731,98.714,0.79077,85.474,1.0063,82.262,1.0231,75.118,1.1279,32.402,101.35,67.809,103.37,2442.7,2715.2
0.80615,104.89,1.1454,128.47,1.1328,50,1.1075,169.86,0.82345,0.76176,0.80457,99.882,0.76379,52.411,0.78542,48.931,1.0986,76.126,0.8126,96.223,0.91347,71.513,0.95723,90.467,0.76732,25.305,133.34,68.323,154.14,4851.4,5207.2
0.99167,137.08,1.0448,144.59,1.15,128.34,0.8975,65.696,0.91871,0.80253,0.84934,53.644,0.87673,87.43,0.75,70.862,1.1612,99.685,1.1542,63.576,1.0051,81.665,0.8953,34.646,0.88608,33.201,109.67,52.422,138.59,2557.9,2858.6
1.0836,119.95,1.0876,99.913,1.0173,57.713,1.0912,81.444,0.75342,0.91724,0.76125,92.693,0.94231,69.722,0.85411,66.26,1.0251,56.831,1.2061,58.816,0.93875,75.341,0.87466,72.655,1.1357,68.858,83.799,58.986,106.04,2968.3,3217.1
1.1014,57.452,1.0736,115.63,0.85919,104.32,1.1342,150.01,0.65,0.92741,0.87179,130.07,0.78061,90.882,1.132,74.572,1.1654,89.175,0.92266,85.182,1.0779,38.881,1.0628,58.053,0.88135,43.135,131.95,70.039,130.27,3388.1,3720.4
1.0998,49.046,0.98455,82.819,0.9012,81.179,1.135,164.06,0.78918,0.79062,0.77862,150.91,0.90001,65.795,1.0793,60.796,0.76491,90.562,0.77931,50,0.98587,81.012,0.89106,33.799,0.76599,18.63,139.6,55.972,115.6,4277.4,4588.5
0.89061,40.818,1.1288,99.357,0.88956,145.44,1.0057,86.7,0.92525,0.79841,0.7729,109.9,0.8355,58.62,0.85688,84.598,1.0725,79.761,1.0341,64.506,0.96792,72.557,0.97304,32.213,0.87917,69.452,120.49,55.268,155.45,1564.7,1895.9
1.2125,55.38,1.0921,116.43,1.0523,63.171,1.0768,87.643,0.9189,0.8769,0.94188,121.99,0.92208,58.454,0.9179,54.911,0.8165,55.308,1.121,62.474,1.0924,57.468,1.0582,38.241,1.1075,59.835,89.916,65.175,115.32,4245.3,4515.7
0.97726,66.051,1.1074,103.3,1.1315,63.422,1.0305,191.12,0.85181,0.81391,0.75258,72.347,0.83807,144.84,0.88419,52.944,0.85151,55.827,0.79753,84.569,1.0401,67.251,1.1406,86.609,0.95408,56.5,107.8,46.572,123.44,2451,2728.8
0.86292,67.718,1.1195,54.017,0.89512,140.23,1.1028,163.44,0.83327,0.93484,0.76663,52.971,0.77776,167.32,1.0038,93.663,1.25,68.413,0.85291,84.192,0.97959,83.674,1.0204,60.176,1.1596,45.888,96.579,56.146,115.59,1720.3,1988.6
0.96219,72.827,0.89339,85.516,1.0965,57.966,1.1421,62.662,0.87464,0.78644,0.88343,119.86,0.79952,159.55,0.77296,36.444,0.88787,50.428,1.0561,62.408,0.93416,71.448,1.0142,51.309,0.99399,90,115.1,59.148,138.52,4029.5,4342.3
1.0323,34.414,1.15,123.7,0.98021,67.122,1.0633,122.71,0.88899,0.87995,0.85302,122.71,0.8979,114.58,1.2174,87.553,1.1802,69.458,0.86678,86.744,1.036,31.541,0.96943,85.088,0.914,26.427,105.55,49.868,101.7,3076.4,3333.5
0.82907,71.599,1.0004,134.65,1.0128,63.727,0.91711,146.81,0.76584,0.893,0.78657,123.62,0.81605,70.904,0.8813,47.778,1.1516,95.153,0.75997,89.698,1.0246,86.198,0.91387,46.948,1.1488,49.724,69.485,52.345,141.63,1510,1773.4
1.2408,55.763,1.15,132.53,0.99523,81.828,1.01,92.871,0.78443,0.91884,0.86891,44.728,0.82809,171.12,1.1883,73.808,1.2268,87.08,0.75997,82.457,0.9878,92.887,0.96717,97.123,1.0554,55.306,107.46,65.955,121.07,4326.4,4620.9
0.97013,139.47,1.0108,101.27,1.15,87.899,0.9411,194.63,0.82328,0.79617,0.82831,173.07,0.91799,138.96,0.8031,50.774,0.93375,89.997,1.019,92.792,1.0118,64.986,1.1272,34.081,0.96419,24.435,98.247,40.332,132.68,3501.4,3772.7
0.88761,58.148,1.0176,87.745,1.0145,149.09,0.98983,66.513,0.65543,0.80724,0.7547,43.88,0.89104,178.3,1.25,61.308,0.96456,57.471,0.77623,90.145,1.053,98.049,0.89298,94.153,1.0132,76.033,88.846,48.971,103.84,3942.2,4183.8
0.84717,82.974,1.0477,118.91,1.0088,66.903,1.0531,183.54,0.75536,0.8391,0.89385,149.34,0.91535,52.271,1.041,30,1.1191,88.693,1.0849,61.65,0.89702,65.766,0.85,30.57,1.1777,57.371,56.82,43.03,106.46,1704.4,1910.7
0.84116,33.964,0.8971,55.825,1.1296,148.38,0.90762,133.37,0.85346,0.88325,0.80199,120.92,0.94465,112.99,1.0215,72.389,0.87871,92.11,0.80507,64.076,1.0938,55.403,0.87782,35.49,0.85845,37.847,111.8,24.787,130.93,4272.6,4540.2
1.0182,56.407,0.86592,50,0.85,59.611,0.88127,155.06,0.91464,0.84218,0.84533,47.894,0.76721,171.55,1.25,32.862,1.1186,74.657,1.1094,72.507,1.1001,53.853,1.1469,69.09,1.1706,74.772,114.28,80.336,132.37,9889.1,10216
1.0378,38.099,0.89595,91.543,0.86896,72.278,0.90233,200,0.90889,0.78031,0.76811,89.927,0.87707,95.678,1.0268,80.429,1.1384,56.218,0.88329,54.52,1.0475,75.196,0.85565,56.14,1.1919,14.831,107.91,46.824,120.86,4595.4,4871
1.2152,26.428,1.0357,124.92,1.0605,100.48,0.89657,102.52,0.91892,0.78339,0.93202,68.541,0.82456,56.967,0.80737,31.692,1.119,73.059,0.78493,79.284,1.1288,89.263,0.94853,53.046,1.0702,17.313,116.83,72.585,142.51,4235.2,4567.1
0.91371,134.07,1.0512,113.83,1.0008,55.5,0.97665,163.14,0.82857,0.93329,0.81194,134.18,0.76353,126.9,1.0864,53.643,1.2198,58.655,1.178,92.86,1.0117,83.515,0.97611,90.314,0.83692,23.498,152.18,54.529,139.01,1813.7,2159.4
1.0022,37.477,1.1252,50,1.0885,93.998,0.96121,169.71,0.75803,0.92776,0.86392,76.753,0.92164,74.007,0.89817,81.072,1.1145,88.726,0.79778,92.279,0.99458,39.364,1.0816,43.151,1.0593,85.323,72.787,38.393,113.96,1873.4,2098.6
1.0794,131.62,0.91377,121.67,1.1067,146.25,1.116,61.949,0.82576,0.93179,0.8382,126.02,0.89621,100.28,0.9509,38.151,0.81938,70.105,0.97707,63.7,0.99279,71.355,1.1298,67.052,1.1919,38.252,66.745,52.302,102.71,2429.4,2651.1
1.2205,71.005,1.1384,100.25,0.85284,58.619,0.87815,135.5,0.65,0.8263,0.76135,97.487,0.83523,40,0.80619,50.256,1.2251,71.53,0.8689,86.509,0.99642,89.432,1.0688,65.759,0.91583,62.619,133.43,87.466,147.75,4583,4951.6
0.9448,140,0.87206,55.087,0.87887,138.94,0.94317,134.32,0.68622,0.90308,0.90727,69.564,0.90376,136.86,0.87249,51.467,0.86209,83.535,1.11,97.371,1.0904,83.318,0.99389,99.934,1.2055,62.134,78.329,44.652,123.57,2777.2,3023.8
0.80621,57.998,1.053,66.589,0.91598,88.164,0.97237,74.637,0.6689,0.89338,0.90529,164.21,0.80212,108.48,1.1968,63.12,1.0649,71.55,1.0694,92.517,0.92214,37.218,1.0513,100,0.90616,48.479,136.64,68.281,131.32,3148.2,3484.4
0.84312,38.28,1.0768,90.615,1.0432,135.89,1.0045,155.45,0.85094,0.89547,0.8422,145.52,0.91497,63.979,0.84754,54.348,0.78845,61.546,0.83735,98.374,0.85,55.641,0.94514,84.328,1.0147,12.256,132.48,43.582,150.03,1609.8,1935.8
1.1233,138.07,1.1023,125.74,0.90617,114.97,0.9313,183.59,0.92919,0.92247,0.79897,98.695,0.89456,164.54,0.92049,69.79,1.1479,68.682,1.2357,90.155,1.0418,91.636,1.0013,42.242,1.1856,66.855,133.85,72.185,112.97,6393.8,6712.8
1.0357,82.085,0.89772,95.204,1.1186,60.645,1.0529,200,0.8644,0.83629,0.94912,176.82,0.85289,155.77,0.99692,58.308,1.25,78.727,0.78342,82.944,1.0827,63.331,1.1396,35.312,0.96691,78.061,92.515,50.885,112.19,1606.9,1862.5
0.82641,51.213,1.0195,73.453,1.1104,127.4,1.0615,200,0.66355,0.82113,0.79945,127.02,0.82154,109.49,0.80122,60.032,1.173,89.08,0.85895,100,0.97533,37.729,0.98369,55.421,1.1127,77.463,82.213,45.975,130.85,1811.4,2070.5
1.177,88.332,1.0436,127.89,0.91975,133.52,1.0323,160.84,0.68682,0.86408,0.79474,151.02,0.82276,52.548,1.1671,58.382,1.0563,50.791,1.1794,86.979,0.91659,81.704,0.90765,92.572,1.043,36.054,127.87,75.823,137.15,4598,4938.9
1.1412,72.941,0.94476,148.52,1.0598,111.51,0.86911,82.824,0.69216,0.91179,0.85472,165.56,0.82548,40.878,1.2209,45.194,1.1714,70.572,1.0114,81.128,0.86051,36.909,0.97274,48.469,1.1732,10,192.65,77.387,130.93,4136.3,4537.3
1.1,40.943,1.0093,50,1.0621,68.657,0.90362,163.94,0.84585,0.82229,0.75981,55.926,0.92902,110.27,0.92115,65.332,0.90944,97.058,0.99757,63.169,1.1211,53.702,0.85898,67.358,1.0983,52.465,75.497,45.205,106.96,2695.3,2923
1.1206,82.992,1.0249,142,0.94257,141.43,1.1223,69.979,0.76449,0.82091,0.76447,76.021,0.77568,70.167,0.75,70.621,0.815,59.922,1.1923,56.92,0.9514,71.811,0.91576,99.074,1.0889,10,138.78,80.369,152.2,3482.2,3853.6
1.135,30.792,0.97462,108.58,1.0763,68.803,1.0121,185.05,0.81974,0.91631,0.81009,137.9,0.91282,146.87,0.8532,35.491,1.1115,73.708,0.94618,56.197,0.9677,44.677,0.98514,45.566,0.79035,16.536,134.49,48.277,138.89,4142.3,4463.9
1.0708,103.03,1.1076,138.34,0.95767,84.172,0.97508,125.95,0.75171,0.92458,0.81376,71.436,0.84666,60.29,1.0529,81.844,1.059,53.178,1.1633,66.644,1.0059,81.473,0.95097,88.512,0.75503,72.031,156.12,62.273,132.2,4348.7,4699.3
1.1386,73.96,1.117,98.389,1.0541,114.51,1.1261,199.56,0.65,0.75932,0.75188,89.04,0.92723,97.775,0.88412,67.664,0.96273,80.762,1.0322,52.043,0.98921,90.995,0.99571,67.941,0.98431,44.599,93.013,56.009,108.64,3896.2,4153.8
0.75,120.09,1.12,146,0.88648,150,1.1166,65.587,0.72149,0.89947,0.86497,72.231,0.75648,162.78,0.80675,39.726,1.1216,89.934,0.93769,80.933,1.0401,43.459,0.93172,84.164,1.1885,82.03,90.968,52.655,143.57,2226.1,2513.3
0.78012,128.77,1.0972,134.87,0.85236,114.76,1.15,133.66,0.75053,0.85272,0.78421,55.081,0.93099,48.621,1.1353,35.7,1.2128,80.316,0.89074,83.936,1.0194,30,0.98368,51.025,0.82811,60.888,90.21,52.713,100.98,2374.9,2618.8
1.0768,64.557,0.91525,78.188,1.1461,127.09,1.0879,180.15,0.75983,0.90348,0.88256,85.211,0.80803,101.65,1.2423,83.806,1.0141,99.709,1.2368,83.019,1.1234,73.57,1.0175,30,0.99105,17.396,95.231,82.608,92.166,5139.4,5409.4
1.1556,67.533,1.15,68.139,1.0335,140.08,0.91404,171.38,0.93038,0.77761,0.85825,103.28,0.83621,69.088,1.0276,80.264,1.0018,65.927,1.0549,84.533,0.92634,89.325,0.92793,69.15,1.2488,70.487,67.563,57.556,112.02,2955.1,3192.3
1.156,48.837,1.0985,81.272,0.99812,50,0.86525,75.781,0.91015,0.77733,0.91849,40,0.77521,108.87,1.1064,75.723,1.1189,69.785,0.80734,67.125,1.0468,80.113,0.9962,93.883,0.78263,69.895,179.73,80.025,155.09,5305.4,5720.3
1.2057,113.28,0.97165,102.61,1.0612,65.542,0.98332,74.195,0.94313,0.95,0.75976,179.75,0.90769,180,1.0247,54.864,0.75,96.323,0.98883,69.959,1.1444,98.647,0.96024,48.302,1.1164,76.388,83.901,60.77,113.11,4973.2,5231
0.99707,82,0.87742,105.27,0.97983,97.793,0.87134,118.1,0.70811,0.75,0.95,44.575,0.91235,165.55,1.0143,59.95,1.0783,78.948,1.0843,90.176,1.0456,93.126,0.94378,36.503,1.1741,20.419,82.619,35.784,110.42,2012.3,2241.1
0.92309,82.192,1.1287,67.899,1.1462,117.72,0.93245,89.757,0.94586,0.92597,0.78706,139.13,0.87888,152.57,1.0086,84.127,0.97604,72.052,0.91407,84.408,0.9098,77.392,1.0627,88.955,0.9198,84.969,109.69,35.337,122.79,3836.1,4103.9
0.93977,80.271,1.0007,86.109,1.0223,73.997,0.88445,167.3,0.70234,0.85706,0.79657,148.9,0.82918,180,1.2156,58.469,0.80938,74.102,0.92222,100,0.94982,83.308,0.85,98.608,0.75,27.601,180.3,48.822,181.62,8168,8578.7
0.98908,69.256,1.1066,78.844,0.98486,124.13,1.0223,87.04,0.68157,0.86057,0.83608,158.86,0.86278,131.78,0.78591,36.319,0.81491,91.377,0.98152,65.623,1.1379,77.208,1.0243,77.823,0.79263,55.266,133.3,47.963,146.05,2159.8,2487.1
0.9917,114.63,0.99381,114.88,1.0653,67.786,0.95862,96.674,0.74961,0.9179,0.84848,102.08,0.93528,147.54,0.94086,67.58,1.2304,63.339,1.2477,73.554,0.91661,77.604,0.95049,85.237,1.1505,29.849,80.228,48.551,105.97,1301.5,1536.3
1.084,57.595,1.0162,150,0.8772,128.5,0.8581,146.58,0.77538,0.90579,0.90915,82.515,0.86689,90.985,1.1741,47.105,1.1541,54.279,1.2048,95.524,0.89095,35.754,1.0828,38.85,0.98442,25.925,115.75,49.858,119.04,4051.9,4336.5
1.0623,35.398,0.9148,79.377,0.87105,100.21,1.1234,144.25,0.84273,0.88184,0.95,57.16,0.82169,119.25,0.8634,62.407,1.1581,73.212,1.1443,97.35,1.0835,87.87,1.1001,65.701,0.83813,16.923,124.62,52.195,136.19,3826.9,4139.9
0.8996,118.79,1.0226,64.721,0.94507,114.44,0.91999,177.24,0.73942,0.92792,0.80689,117.91,0.76214,107.69,0.76929,41.396,1.1465,51.491,1.1047,93.69,0.93113,77.658,1.1127,52.77,0.82248,74.562,149.45,62.346,199.91,1862.6,2274.3
1.1404,62.661,0.98926,137.42,1.1124,92.882,1.0849,176.58,0.8674,0.90053,0.90564,163.82,0.85598,61.579,1.0843,70.875,1.0829,93.497,1.1422,89.589,1.1295,38.743,1.1232,57.245,1.0163,82.615,98.942,58.095,118.93,3834.7,4110.7
0.81007,46.351,0.95071,150,1.0871,119.78,0.97228,108.24,0.75887,0.86729,0.78503,119.94,0.80668,150.61,0.92879,67.12,1.1082,78.787,1.1969,66.206,0.9532,46.287,0.97272,82.229,0.75,79.185,139.71,41.211,144.17,2149.7,2474.8
1.0279,32.825,1.1239,127.7,0.93661,91.4,1.029,168.22,0.89709,0.90832,0.87856,102.65,0.87098,143.46,1.0608,35.028,0.88898,81.292,1.0373,90.344,0.90832,35.975,0.87243,64.238,1.1946,66.253,62.801,37.72,99.678,1490.6,1690.8
1.1493,76.324,1.071,72.95,1.043,54.776,0.94949,126.77,0.92344,0.76409,0.892,101.21,0.93719,107.82,0.75469,86.631,0.89095,85.616,1.1986,71.114,0.99937,69.953,1.0291,65.939,0.87289,34.022,117.13,50.424,121.56,6051.1,6340.2
0.9151,52.225,1.0016,79.297,1.0952,117.02,1.15,104.25,0.86555,0.77637,0.92231,133.88,0.84601,156.36,0.96678,46.687,0.81938,56.054,0.8626,94.128,1.1028,94.052,0.94093,38.825,0.83447,32.308,107.67,35.073,110.03,2655.5,2908.3
1.0485,69.417,1.0447,97.449,1.1409,84.439,0.89315,150.84,0.77884,0.90965,0.7926,96.586,0.95,169.8,0.7874,63.45,1.2375,74.972,0.89807,99.895,0.94156,35.745,0.95914,95.96,0.85389,50.844,91.772,38.993,119.9,1932.5,2183.2
0.79523,51.209,1.0888,94.14,1.1183,128.84,1.1312,165.04,0.75064,0.75763,0.87001,105.34,0.81633,174.82,0.84517,84.482,1.2452,61.547,1.084,58.03,0.91166,81.155,0.92761,91.598,0.86283,41.962,118.47,40.49,126.85,4699.2,4985.1
1.2001,41.958,0.85,150,0.96416,116.9,1.0788,126.47,0.7322,0.8469,0.78978,73.818,0.86647,172.81,0.92147,79.863,1.1704,70.286,0.9153,56.094,1.0017,60.836,1.1113,61.422,0.87029,65.345,120.71,58.551,126.89,6069.3,6375.5
0.91009,47.702,0.98908,122.14,1.1221,131.82,0.98663,126.84,0.88608,0.86512,0.88112,151.2,0.77687,136.87,1.25,46.232,1.25,79.008,0.84029,74.053,0.99991,45.677,0.85,64.953,1.0375,27.456,114.04,57.647,105.75,2751.9,3029.4
1.0856,107.02,1.1033,63.252,1.0763,92.211,1.0741,187.59,0.77195,0.81526,0.8395,170.09,0.81169,72.561,0.75712,50.637,1.0571,99.499,0.85592,83.514,0.98342,41.318,1.0179,77.571,0.76583,25.542,157.86,81.817,151.21,3329.2,3720.1
1.1261,86.994,1.068,115.45,1.1266,92.676,0.98795,165.47,0.68942,0.82015,0.86032,107.93,0.88713,60.983,0.98992,59.205,1.1275,85.232,1.1593,79.88,0.93785,35.678,0.87558,37.974,0.86197,23.886,140.01,62.319,129.7,4516,4848
1.1332,118.41,0.98537,113.07,0.8776,59.416,1.0947,75.239,0.69535,0.91705,0.89308,152.11,0.86314,110.94,1.159,53.078,1.0203,73.717,1.0709,84.238,0.89973,36.91,0.93825,37.904,0.81175,34.196,148.98,60.448,127.3,5577.1,5913.8
1.219,46.761,1.15,54.458,1.0469,56.964,1.1345,62.041,0.93252,0.93419,0.88391,101.94,0.93343,74.53,0.93229,52.488,1.1156,89.71,0.81222,85.132,1.0983,32.409,0.97778,49.223,1.0304,79.458,93.507,61.396,114.21,4452,4721.1
1.0296,42.224,1.1468,70.45,1.0011,107.58,1.058,126.57,0.89639,0.82087,0.77956,118.45,0.87061,47.542,1.1185,92.704,0.75,58.796,0.75566,100,0.9669,31.086,0.86066,47.438,1.0098,69.176,101.44,58.867,107.36,1823.8,2091.4
1.0404,27.58,1.0982,137.65,1.1327,144.66,0.86785,175,0.67972,0.81178,0.82845,86.995,0.79853,49.319,1.0206,47.741,0.82248,50,1.0269,59.535,1.0285,70.949,0.89877,76.032,1.0073,37.283,115.73,49.387,127.96,2930.8,3223.9
0.90212,106.47,1.118,118.23,0.98384,100.7,1.1119,173.71,0.89908,0.79094,0.86155,71.995,0.81556,143.58,0.98192,94.172,0.83006,74.017,0.91605,73.685,1.0293,36.64,1.1357,37.401,0.81829,81.804,120.92,44.742,115.96,1814.7,2096.3
1.2288,49.047,1.1483,54.234,0.88377,63.377,1.08,183.46,0.83005,0.80563,0.82042,108.54,0.86541,52.94,1.0129,63.879,1.0728,74.351,0.78085,90.731,0.91478,61.037,1.1117,100,0.82378,41.462,150.49,76.806,136.94,4876.3,5240.5
1.1973,102.02,0.93832,66.525,0.98163,112.53,0.93049,187.4,0.78003,0.92776,0.90675,95.305,0.82332,89.844,1.0591,70.132,1.0168,89.757,0.81538,93.082,0.87958,75.597,1.096,42.008,0.88921,68.549,155.19,84.172,153.49,7078.6,7471.5
0.75,62.28,1.0192,77.248,1.1464,102.98,1.0372,127.42,0.77504,0.75,0.93554,87.622,0.7675,85.112,1.1397,55.427,1.2109,93.175,1.25,63.769,1.0672,85.14,0.85762,41.397,0.99409,26.889,120.16,50.738,120.12,2339.9,2630.9
1.1707,68,1.1098,134.54,1.15,52.664,1.0896,137.68,0.95,0.88202,0.83572,79.958,0.84436,40.709,1.25,82.258,1.25,62.112,0.97264,69.575,1.0687,79.064,0.89749,42.953,0.98402,46.633,140.29,71.735,122.63,8782.1,9116.7
0.93873,20,0.89394,110.37,1.0279,77.941,0.92236,125.26,0.92461,0.93003,0.91669,144.4,0.81608,149.73,0.99318,90.252,1.25,91.679,0.99131,86.338,1.0088,79.835,1.0839,68.328,1.0309,37.249,108.77,49.326,123.11,1650.1,1931.3
1.2228,123.84,0.97977,108.34,0.91218,97.75,0.91583,79.056,0.90545,0.75348,0.77421,130.41,0.78692,49.753,0.76538,58.648,1.157,63.252,0.95884,96.653,1.0184,39.825,0.93458,64.139,1.0451,10,152.33,99.051,169.13,5703.2,6123.7
0.83018,119.03,0.89741,96.27,0.99907,149.53,0.94122,175.28,0.69121,0.92717,0.77664,172.86,0.83212,146.26,1.0662,94.909,0.82925,85.898,1.0276,88.247,0.89023,54.626,1.115,83.968,1.0146,84.369,78.983,53.849,110.79,1449.7,1693.3
1.1238,60.414,0.887,102.41,0.93322,76.425,1.0197,83.536,0.73402,0.82261,0.76169,81.765,0.84042,180,1.25,90.17,1.0199,57.905,1.1598,87.656,0.9496,42.833,0.97243,68.251,0.76702,60.791,153.05,50.732,124.76,4860.9,5189.5
1.1148,119.84,0.92559,53.957,0.95429,66.332,1.0858,83.429,0.8091,0.75,0.84703,159.77,0.7534,138.01,0.89496,84.274,1.0014,73.48,0.91895,70.229,1.0289,63.065,0.96679,65.485,1.1632,75.262,117.72,81.603,144.56,5382.3,5726.2
1.1976,127.94,0.96843,66.851,1.15,57.764,1.054,68.364,0.71132,0.91607,0.88711,85.198,0.79014,61.404,1.1329,74.772,0.76129,62.281,1.169,75.17,0.9168,48.302,0.96165,37.422,1.0452,31.199,128.11,74.08,130.39,5061.1,5393.7
0.85421,62.203,1.0647,88.154,1.0857,102.11,0.90375,179.41,0.92221,0.82168,0.7978,110.43,0.92017,140.22,1.0657,38.437,0.9136,96.411,0.81248,94.831,0.9452,66.697,1.0309,97.279,0.83608,74.624,114.99,27.664,130.19,2574.8,2847.7
1.0268,70.259,1.0827,108.76,1.0974,119.76,0.9252,135.86,0.69279,0.75502,0.77687,124.55,0.8428,87.614,1.1858,71.475,1.1688,54.091,0.84575,80.09,1.1199,94.631,1.0687,76.633,0.79815,77.116,145.27,59.876,125.75,2821.7,3152.6
0.90188,71.345,0.92929,102.21,1.0499,76.308,0.97554,90.356,0.73736,0.91381,0.78846,70.562,0.92803,148.55,0.8383,87.236,0.84067,50,0.81407,81.514,0.97766,100,1.037,38.217,0.89168,73.126,94.267,29.718,145.63,1655.2,1924.8
0.78575,138.82,1.1341,126.37,0.95145,137.3,0.88853,78.499,0.79345,0.7861,0.85731,116.67,0.77086,126.73,1.2423,44.294,1.1956,91.516,1.1341,56.103,0.85,73.315,1.1391,51.149,0.90289,23.379,147.17,79.614,129.26,10027,10383
1.1781,62.895,0.9659,136.5,0.95839,64.379,0.95742,93.059,0.70612,0.80872,0.92335,51.891,0.88688,102.16,1.2317,69.22,0.75945,72.865,0.80874,50.652,1.1127,74.961,1.0771,82.713,1.008,62.449,114.56,61.971,117.07,5873.1,6166.7
0.81116,83.22,0.98464,102.18,0.86279,97.486,1.0914,178.92,0.91499,0.94784,0.78131,90.806,0.75954,49.258,0.80229,37.146,0.85379,72.752,1.1977,91.793,1.0119,32.062,0.94449,50.849,0.93646,65.686,111.29,56.158,174.39,2853.3,3195.2
0.91994,116.72,0.8788,115.09,0.86079,115.62,1.0688,173.44,0.75992,0.80794,0.75596,128.28,0.77709,119.65,1.2154,73.506,1.1645,92.04,1.1719,80.197,0.92316,64.456,0.90331,56.794,0.96252,75.209,269.75,85.482,121.63,12003,12480
0.79942,111.56,1.0383,138.53,0.91608,100.68,1.1272,78.899,0.76513,0.7701,0.79435,78.955,0.89301,143.76,0.86016,30,1.08,71.101,0.83724,57.192,1.0905,36.368,0.91013,78.783,0.80247,20.288,109.42,35.002,146.14,1851.5,2142.1
0.95716,78.027,0.99139,106.99,1.1017,117.61,0.85811,170.51,0.94787,0.83529,0.94339,70.096,0.91427,122.43,1.0375,61.954,1.1238,68.913,1.1365,85.355,0.93762,90.367,1.0571,44.534,1.0861,72.309,66.705,32.468,97.326,1804.4,2000.9
0.83217,84.177,0.86312,103.35,0.90365,102.09,1.1095,123.97,0.71015,0.95,0.86123,41.576,0.76639,64.536,1.1515,58.727,0.88712,89.276,0.90537,62.52,0.89169,39.074,1.109,89.539,1.0127,50.825,145.64,84.251,142.41,4710.8,5083.1
0.79913,85.002,1.005,69.59,1.0728,79.787,0.94323,196.95,0.74298,0.91708,0.93397,41.833,0.92048,140.6,0.87953,38.605,1.0863,67.11,0.8715,90.662,1.0917,100,0.88736,89.453,1.25,80.284,60.294,37.37,119.19,2760.2,2977.1
0.95097,27.944,1.0926,150,0.96591,71.567,0.92754,113.86,0.68535,0.84472,0.88432,109.21,0.92324,150.55,1.0405,33.071,1.0399,85.803,0.75233,82.487,1.0684,69.601,1.106,58.146,1.1333,41.738,59.005,31.988,111.01,1477,1679
0.75541,95.72,1.0483,114.12,0.90199,116.12,0.91982,137.39,0.90811,0.92632,0.80393,40,0.76012,168.62,0.8292,62.844,0.93382,73.927,0.93096,74.026,1.0486,40.834,1.1471,77.641,0.93454,38.534,124.94,74.783,202.29,1484.2,1886.3
0.92588,81.623,1.0739,50,1.0368,138.9,0.89884,194.99,0.75416,0.93737,0.80817,67.867,0.77922,100.8,0.90521,39.333,1.0454,89.014,0.93914,83.988,0.86588,78.728,0.98244,85.714,0.89699,32.348,159.58,62.606,157.02,1554.4,1933.6
1.1806,86.736,0.87049,116.76,0.89167,69.307,1.1329,194,0.68522,0.86801,0.85086,52.904,0.78729,94.707,1.0683,82.365,0.99686,89.299,1.0284,81.771,1.0501,63.651,0.94749,53.803,1.1934,44.738,79.341,61.997,73.411,2707.6,2922.3
1.0837,20,1.15,101.56,1.1386,85.235,0.99223,137.58,0.74711,0.93088,0.88459,91.539,0.89121,173.08,1.1303,59.916,1.1859,54.784,0.75,59.852,0.8572,72.098,0.90826,39.711,1.1305,72.611,63.386,37.707,95.54,2090,2286.6
1.0504,122.47,0.91,59.821,0.86718,71.573,0.95866,159.35,0.74434,0.79032,0.7933,44.728,0.95,45.72,0.89124,64.067,1.0477,56.835,0.76782,82.008,1.0375,67.046,0.95146,42.824,0.97725,41.606,117.47,65.833,122.03,3509.1,3814.4
0.91241,66.311,1.0849,133.39,0.8523,108.26,0.89415,172.3,0.70722,0.82937,0.88711,40,0.86643,158.25,0.94232,42.555,1.1083,76.505,0.87221,77.066,1.0495,51.653,1.0802,49.705,0.9405,82.982,99.982,35.576,141.95,1369.7,1647.2
1.2236,49.215,1.15,128.8,1.0337,121.31,0.97808,84.14,0.85106,0.80266,0.93761,56.705,0.79999,156.31,0.84537,47.518,0.80873,76.58,1.1241,64.871,0.91674,64.525,0.86413,62.59,1.0564,20.377,128.65,75.424,140.06,5173.2,5517.3
0.79703,20,1.15,78.351,0.90088,143.21,0.9537,160.33,0.78016,0.78928,0.82555,107.6,0.86902,66.732,0.77961,82.271,0.96493,54.648,0.81637,58.951,1.1237,72.971,1.0449,30,0.85868,32.583,125.6,62.942,190.3,2449.5,2828.3
1.0177,58.44,1.0034,54.079,1.0929,88.897,0.86779,188.02,0.85364,0.79717,0.92339,151.85,0.83618,67.465,0.75,32.428,1.1865,79.636,1.0576,50.257,0.9135,93.605,0.98952,76.699,0.86388,14.936,146.54,69.91,159.72,1638.2,2014.4
1.0355,33.978,0.88787,101.41,1.0889,91.894,1.0471,139.33,0.88784,0.9293,0.81476,130.45,0.86828,179.8,0.89635,68.719,0.96724,82.294,0.85688,62.075,0.97452,36.604,1.0088,43.589,1.2002,28.201,76.177,41.932,111.21,1631.6,1860.9
0.83784,53.947,1.1232,89.89,0.85471,123.37,0.93109,120.48,0.78944,0.76554,0.75438,121.94,0.76678,66.84,1.0804,38.48,0.93327,66.775,0.88728,68.803,1.0781,93.826,0.93317,51.191,1.1681,29.455,61.263,62.918,112.03,1520.1,1756.3
1.0786,57.638,0.99733,99.16,0.99263,149.09,0.86765,189.11,0.66308,0.92419,0.79794,64.959,0.86026,135.7,0.82558,71.82,1.1761,77.173,0.77766,92.545,1.0827,68.957,0.90799,85.485,1.1502,49.662,96.635,60.321,124.41,3456.1,3737.5
0.85107,128.99,0.99333,86.29,0.98103,138.97,1.0307,146.12,0.67845,0.78636,0.78816,168.3,0.80691,89.633,0.89256,68.235,0.88835,92.854,0.83099,65.29,1.0304,99.439,1.0342,62.369,1.0229,69.744,82.826,53.652,145.99,2004,2286.5
0.7777,77.993,1.0938,59.053,0.99488,67.813,1.0216,83.509,0.71464,0.79246,0.8458,109.79,0.91871,119.06,1.1111,46.973,1.2006,56.533,0.97274,85.486,0.86737,90.095,0.99356,62.92,0.90637,84.028,83.425,37.714,114.15,1733.6,1968.9
0.94307,109.78,0.87931,95.304,1.0012,50.66,0.85715,164.25,0.86532,0.88142,0.80617,174.41,0.87622,166.13,0.90869,50.847,0.82709,61.414,0.94736,50,1.1017,53.744,0.92667,84.967,1.1805,39.773,81.994,43.354,125.05,2295.6,2546
1.0025,24.199,0.85991,78.15,1.0713,58.653,0.96978,98.746,0.80063,0.92789,0.75,180,0.85456,84.162,0.80667,50.656,0.99672,50.919,1.0178,66.291,1.0939,99.808,0.93907,58.115,1.1919,58.52,90.132,48.61,127.87,1625.6,1892.2
1.0855,78.285,1.115,71.695,0.92994,113.29,0.98803,99.22,0.77902,0.78124,0.78564,54.429,0.83635,111.48,0.84421,71.883,1.1582,89.424,1.1953,97.745,1.0484,81.306,0.85,85.672,0.94542,79.388,106.12,62.81,131.72,3799.5,4100.2
1.0114,51.812,0.91669,71.488,1.0582,78.773,1.0751,197.3,0.73703,0.91491,0.8291,96.36,0.90273,74.69,0.96313,35.53,1.1652,80.062,1.0198,99.4,0.93666,91.41,1.1039,36.863,0.97988,27.159,100.34,45.085,114.64,1518.7,1778.8
1.231,108.6,1.0639,105.38,1.041,51.549,1.0166,168.72,0.95,0.88828,0.76739,46.65,0.88479,88.508,0.93008,68.402,1.1089,50,0.98325,89.843,0.88692,83.851,1.0555,78.77,0.77992,83.096,150.9,70.766,140.07,5868.1,6229.9
0.89964,98.086,1.1159,60.182,1.1118,125.67,1.0067,117.81,0.65739,0.8921,0.89178,145.56,0.88323,98.856,0.87458,74.853,1.1768,93.681,1.25,75.398,0.94647,44.966,0.87417,62.941,0.95742,90,91.927,34.198,119.38,1926.1,2171.6
1.1053,61.035,0.94514,119.32,0.89986,116.69,1.0711,87.457,0.75403,0.7734,0.83757,104.48,0.83081,166.98,1.065,89.82,0.82726,74.934,0.88269,80.696,1.1445,32.358,0.85978,79.003,0.90316,45.88,134.7,59.622,131.57,5972.5,6298.4
0.97567,58.975,1.0979,90.38,0.86493,60.486,0.9816,186.74,0.95,0.94646,0.80961,144.73,0.89228,119.12,1.0812,46.627,1.105,80.985,0.82181,97.796,1.0032,39.385,0.85,44.475,0.86978,49.156,117.66,36.497,116.64,1432.2,1703
0.8626,78.248,1.0051,52.507,1.0926,109.23,1.1267,165.18,0.65,0.80857,0.75,109.63,0.8951,116.23,1.25,65.276,0.95478,81.36,0.90966,81.635,0.93264,37.765,0.92728,74.439,0.78505,88.123,103.58,45.672,99.814,2906.4,3155.5
0.85645,82.143,1.1002,120.42,0.85,80.581,0.87755,114.58,0.71325,0.93533,0.79065,84.396,0.80123,101.97,0.77828,30,1.0984,50,0.90578,53.438,0.98047,72.126,0.95873,30,0.95554,19.277,102.41,74.149,194.13,1415,1785.7
1.0508,50.788,0.99016,136.53,1.0379,147.15,0.88873,132.82,0.65119,0.76784,0.91833,88.332,0.85269,89.543,1.058,78.008,1.25,68.152,0.86231,79.325,1.1049,51.9,0.88535,69.477,0.79404,47.119,128.41,51.467,125.42,2062.2,2367.5
0.84281,44.351,1.0834,88.938,1.1403,100.14,1.1273,172.92,0.77417,0.85803,0.80434,61.83,0.84294,137.77,0.8058,56.153,1.1754,100,1.1621,76.037,1.1023,91.5,1.1062,69.33,0.8884,41.948,79.34,61.998,73.4,2707.1,2921.8
1.1389,108.48,1.0632,73.397,1.1152,66.356,1.0725,135.33,0.66582,0.81349,0.91821,110.24,0.83691,161.12,0.91857,80.566,1.1854,68.05,0.78112,62.601,1.0771,98.454,0.9853,36.969,1.25,90,79.339,61.997,73.41,2707.5,2922.3
0.91879,107.08,1.15,83.518,1.0709,131.53,0.88315,73.484,0.8534,0.80505,0.88833,54.284,0.90477,147.23,0.95681,64.719,0.92257,64.728,1.2384,96.009,1.0977,65.012,1.0268,58.813,0.96407,78.615,84.913,27.654,118.38,2391.1,2622.1
1.1097,105.76,0.90242,134.17,1.0595,126.98,0.89452,60,0.87205,0.80047,0.92917,162.29,0.86927,107.18,0.96356,76.524,1.0594,83.269,1.0245,94.018,0.86238,49.761,0.99466,92.035,0.90071,20.896,142.29,59.46,134.23,5071.6,5407.6
0.94105,60.334,0.96173,75.517,1.1213,95.247,1.0126,127.26,0.80434,0.8334,0.85168,109.65,0.75738,66.496,0.97108,66.615,0.92121,93.676,0.80917,92.473,1.0231,80.332,0.88142,98.061,0.87851,29.342,172.9,59.685,140.85,2741.6,3115.1
1.0255,88.085,1.1071,86.468,1.0034,93.171,0.9438,183.59,0.91093,0.76133,0.8406,136.82,0.75,156.55,1.1677,86.004,1.0349,77.191,1.053,53.125,0.90921,72.102,0.97413,35.107,0.89153,25.439,172.91,69.328,142.01,3229.9,3614.2
1.2041,135.46,0.90193,103.54,1.0731,91.263,0.93836,125.38,0.74603,0.89629,0.8924,121.31,0.92149,68.626,1.2216,83.796,1.0211,95.355,1.0369,68.09,0.93667,74.301,0.86531,100,1.0624,12.891,142.13,65.226,117.2,5470.9,5795.4
0.75,41.959,1.0882,77.468,0.85513,113.81,1.121,73.272,0.88948,0.91438,0.86318,93.163,0.82384,96.892,0.98728,91.358,0.96721,100,0.78244,60.923,0.93535,45.152,0.91859,86.318,0.80557,72.416,135.68,55.854,130.88,1777,2099.4
1.25,77.013,0.90284,110.38,0.98044,67.133,1.1001,138.32,0.81094,0.8797,0.91969,89.878,0.87319,86.728,1.0279,74.276,1.1541,93.886,1.0249,56.068,0.97243,50.312,0.93071,97.022,0.79307,57.504,150.22,71.793,145.2,5608.3,5975.5
1.2272,116.17,1.0245,98.815,1.0057,95.119,1.0086,200,0.85568,0.75,0.87061,94.927,0.91852,69.794,1.0463,53.356,0.97388,100,1.1947,90.3,0.89488,53.429,1.0764,72.012,0.93191,48.591,128.88,70.012,124.94,6023.6,6347.4
0.85051,80.318,1.0114,150,0.90054,149.43,1.1266,172.03,0.77388,0.80065,0.87472,76.477,0.75,40,1.25,72.755,0.78707,99.1,1.2317,61.551,1.0853,42.526,0.8736,89.754,1.136,30.664,3708.5,106.54,97.36,8912.6,12825
1.1189,20,1.143,95.894,1.059,103.09,1.0663,79.361,0.81161,0.83444,0.79585,99.886,0.75632,46.361,1.25,41.966,0.94089,56.997,0.86152,58.763,0.94346,58.632,0.85,90.642,0.75179,81.467,189.9,77.968,138.42,3673.9,4080.2
0.87503,118.29,0.98324,73.723,1.1408,141.14,1.1385,146.27,0.71805,0.75,0.93783,123.16,0.92615,128.83,0.79523,71.993,1.0187,89.083,1.113,95.108,1.0042,73.03,0.85263,84.71,1.0503,40.441,71.707,31.717,118.69,4391.3,4613.5
0.95261,33.925,1.0833,150,1.0192,83.744,0.85544,158.49,0.81206,0.88736,0.91309,51.068,0.77892,155.98,1.015,71.9,1.0223,84.609,0.94812,72.081,0.9664,35.408,1.139,87.072,0.7683,61.915,174.67,53.154,155.35,1627.5,2010.7
1.0407,128.86,0.97963,136.31,0.96921,103.05,0.90264,79.912,0.65,0.86718,0.88855,54.38,0.84651,78.976,1.1979,74.562,0.76595,79.454,1.1738,57.624,0.923,85.256,1.0502,32.498,0.88679,48.695,132.48,60.627,124.91,4564.2,4882.2
1.1565,30.433,0.95179,120.93,0.94032,150,0.89465,105,0.71476,0.91952,0.84439,127.75,0.80186,164.01,0.96531,56.072,0.85139,58.277,0.83811,54.164,1.0756,49.517,0.85,84.444,0.83169,61.769,158.47,62.413,158.89,7222.6,7602.4
1.0193,99.252,0.92585,68.005,0.90767,59.448,1.0036,128.42,0.77922,0.85498,0.89554,72.209,0.88128,147.46,1.2487,43.357,1.2223,69.274,1.0776,55.938,1.15,98.88,0.88629,84.428,1.2124,55.601,510.99,53.364,68.06,2529.8,3162.2
0.95248,56.722,1.1054,57.308,1.038,86.409,0.99256,113.04,0.69005,0.90219,0.90231,148.48,0.89195,141.38,0.75,53.423,0.81728,95.868,1.25,62.638,1.0484,38.796,0.9046,95.41,1.2135,10,96.579,36.998,136.4,1589,1859
0.87801,75.227,0.95207,67.02,1.0039,110.19,0.94985,154.87,0.66329,0.83462,0.92521,124.1,0.79975,89.026,1.0482,43.504,1.0516,83.71,1.0909,76.07,1.0584,33.121,0.91152,47.542,1.1139,38.01,104.88,54.64,116.87,1641.6,1917.9
0.90104,63.379,1.0871,105.21,1.0929,55.04,1.1129,151.47,0.85845,0.88993,0.85895,164.23,0.93505,80.937,0.78839,44.225,0.94263,74.55,1.0493,83.545,0.96225,91.376,1.0793,88.454,1.2052,32.815,70.559,39.215,121.65,2937.9,3169.3
0.90564,117.23,1.1,71.058,0.87022,123.84,0.98735,162.1,0.87753,0.93968,0.77052,102.9,0.9322,131.62,1.0884,89.39,1.1799,72.935,0.87013,75.289,0.86094,38.885,1.0551,41.724,0.89476,42.822,98.47,34.617,109.38,1539.4,1781.9
1.2095,103.98,0.96951,89.485,0.92708,140.37,0.88407,78.377,0.95,0.8983,0.84236,116.32,0.85277,56.028,0.84134,39.828,1.173,85.814,1.0908,57.728,1.0824,99.36,1.1197,85.61,0.84059,39.536,138.89,81.837,146,5525.5,5892.2
1.0031,56.22,1.0574,55.813,0.98903,63.431,1.0038,157.09,0.70962,0.81021,0.9053,143.88,0.84053,180,0.88417,57.823,0.80511,94.372,0.87843,84.529,0.91897,87.149,1.1011,54.08,0.88953,61.673,126.76,48.744,138.85,1829.5,2143.9
0.87325,31.239,0.94885,148.3,1.0009,110.99,1.0913,126.55,0.80176,0.77004,0.88835,113.86,0.81231,161.04,0.91181,32.819,0.98557,57.99,1.0754,77.468,1.0283,86.936,0.96577,77.529,0.79578,24.567,138.25,42.246,147.88,1814.5,2142.8
0.91202,106.65,1.0583,104.61,1.045,116.09,0.99535,182.76,0.65,0.89304,0.82408,70.1,0.84902,170.95,1.0528,70.813,0.85608,81.87,1.1423,96.054,0.94976,86.857,1.0067,55.16,0.95695,41.383,114.06,39.664,115.95,1631.4,1901.1
1.1068,79.908,0.96423,120.81,1.0887,128.83,1.0042,141.76,0.86717,0.78308,0.83909,119.09,0.90154,103.54,0.88769,84.949,1.0555,60.06,0.75274,60.387,1.11,41.187,1.0018,76.776,1.0935,47.03,80.927,56.16,111.18,3258.9,3507.2
1.0307,76.518,1.0827,77.831,0.93797,114.22,0.95493,119.43,0.69483,0.7953,0.85841,69.922,0.86786,140.57,0.81033,68.118,1.0264,59.712,1.0166,85.466,0.96458,37.083,1.0926,32.419,1.1073,59.736,98.119,56.47,127.82,2337.9,2620.3
0.92189,91.651,0.89799,126.62,1.0792,138.28,0.88599,95.697,0.81953,0.78302,0.79477,66.376,0.88098,46.829,1.1089,72.728,1.1378,50,1.111,95.696,0.90961,74.9,1.0527,30,0.80226,22.959,155.03,53.62,137.71,1958.2,2304.6
1.058,98.752,0.90292,57.525,1.0019,145.13,1.062,161.61,0.84512,0.94067,0.75,56.266,0.8594,104.11,1.002,88.511,0.87662,64.308,1.1698,87.754,1.0969,44.821,0.98567,65.755,0.91735,85.721,110.45,55.067,119.81,3582.5,3867.8
1.07,63.937,1.0285,97.945,0.99151,60.252,1.0333,69.438,0.82939,0.88659,0.93374,63.041,0.84578,135.92,0.75278,46.546,1.0253,79.011,0.84433,92.899,0.93511,78.25,1.1144,33.041,1.169,61.205,120.37,66.251,131.2,3218.9,3536.7
0.85266,41.484,0.92566,150,1.1084,119.3,0.9063,147.34,0.71315,0.90578,0.86813,72.5,0.75242,106.23,1.229,84.021,0.90281,69.006,1.1753,82.384,1.0747,37.962,0.8765,46.485,1.0708,90,87.302,52.449,95.312,2657.1,2892.2
1.1054,132.28,0.92289,50,0.88625,120.37,1.096,183.96,0.80473,0.85473,0.80965,71.905,0.81124,78.593,1.1441,83.465,1.1487,52.943,0.77949,93.061,1.044,50.078,0.96176,51.568,0.89131,47.207,154.18,85.135,144.63,5465.7,5849.7
0.77918,64.977,1.026,144.54,0.91721,92.482,0.94873,147.71,0.72397,0.78972,0.75717,84.194,0.90734,85.922,0.75,39.993,1.2237,66.18,1.176,96.119,0.87716,30,1.0649,66.789,0.75614,27.315,112.92,35.043,167.28,2129.1,2444.3
0.75,95.712,0.89701,130.75,0.92767,92.152,1.1069,71.69,0.79342,0.83476,0.78637,180,0.87798,98.037,1.0946,31.117,1.1633,95.574,1.0409,58.093,1.0148,39.828,0.88011,50.737,0.89186,10,123.79,42.469,131.09,3566.8,3864.1
0.82118,24.202,0.85,65.668,0.95014,96.615,1.0951,148.82,0.75091,0.76389,0.91896,163.65,0.90967,96.233,0.93595,92.182,0.86702,87.885,1.1672,75.807,1.1329,83.166,0.98545,59.985,0.79297,52.419,100.52,32.348,138.78,3174.9,3446.5
1.0588,126.12,0.90796,58.974,1.0462,89.489,0.85,82.058,0.69996,0.76139,0.86428,152.93,0.81525,74.395,1.0405,54.954,1.1024,69.982,1.1339,57.68,0.89955,50.917,0.97952,47.925,1.0619,77.693,102.22,62.799,122.01,2936.5,3223.5
1.1279,140,1.0459,50,0.98773,143.21,0.9483,60,0.78133,0.90311,0.85459,157.53,0.89324,125.18,0.88907,85.445,1.1277,75.543,1.103,76.212,0.89397,82.449,0.99173,72.912,1.1046,87.604,90.61,65.99,112.62,4059.4,4328.6
0.77984,119.46,1.0628,130.02,1.1077,58.099,1.0976,63.871,0.66549,0.93586,0.88383,80.709,0.82307,128.55,0.85871,63.803,0.88524,90.811,1.0252,95.65,0.91827,67.34,0.93445,54.996,0.99268,57.23,93.497,47.706,133.61,2132.7,2407.5
1.1902,29.998,0.95063,96.477,0.8974,119,0.86628,126.72,0.84582,0.82002,0.79875,40.791,0.93409,60.179,1.1094,82.345,1.1663,69.722,0.76808,87.915,1.0767,76.402,1.1031,91.291,1.2023,22.912,101.4,57.56,109.98,5093.8,5362.8
1.0661,87.966,0.88795,63.164,1.1094,111.39,1.1168,66.262,0.84064,0.77702,0.8907,124.4,0.88511,108.42,1.25,91.264,1.1063,70.762,0.90067,100,0.85558,42.103,0.85,38.191,0.79475,49.126,120.83,52.27,108.86,3219.3,3501.3
0.85633,41.46,0.95478,125.77,0.91156,65.749,1.035,164.97,0.8639,0.85638,0.87709,130,0.88474,62.517,0.95514,61.626,1.1286,63.937,0.84384,70.227,1.0394,32.104,1.0121,83.485,1.1152,73.072,69.117,55.16,136.25,2210.3,2470.9
1.1818,38.351,0.94305,88.719,1.1187,82.833,1.1148,78.598,0.68789,0.84262,0.77983,48.022,0.82986,172.63,0.95347,64.158,0.79032,86.364,1.0003,78.025,1.0242,81.98,0.85406,60.825,0.99426,59.874,110.14,58.03,126,4781.4,5075.6
0.75,101.51,0.88246,142.6,0.85,64.786,0.8779,172.6,0.91238,0.77025,0.75,40,0.78088,101.8,0.89806,63.088,0.75,58.652,1.1514,55.352,1.1183,69.678,0.93721,45.744,0.84583,58.695,109.89,74.594,229.93,3756.1,4170.5
1.1366,120.84,1.0486,101.58,0.85,52.594,1.15,83.725,0.65,0.79287,0.93526,117,0.82399,167.02,0.89186,47.609,0.89856,62.208,1.2249,50.235,0.91385,54.656,1.1347,86.819,1.1867,32.62,74.025,75.728,134.69,3579.7,3864.2
1.2403,44.52,0.88279,91.491,0.98502,84.866,0.8551,198.21,0.91198,0.82351,0.90105,160.97,0.8405,109.21,0.82156,38.607,0.892,65.925,0.75427,79.108,0.87267,94.087,0.93087,30,0.87944,68.63,147.62,78.747,142.15,7090.9,7459.4
1.1816,89.294,1.1036,90.313,0.91841,81.471,1.0591,123.59,0.7329,0.82693,0.88413,50.604,0.91222,151.83,0.80233,86.617,0.86617,96.86,1.1754,60.806,1.0843,85.233,0.9889,97.754,1.1433,33.756,86.957,59.648,110.43,4105.6,4362.6
1.0785,69.758,0.9196,111.89,1.0641,120.61,1.035,116.68,0.92029,0.8171,0.87062,85.445,0.78578,148.4,0.87791,37.317,1.0628,74.318,1.1028,79.111,0.87782,63.14,0.86196,76.796,0.95616,13.333,161.27,67.266,144.11,3329.9,3702.5
0.96704,113.76,1.1155,95.352,0.90396,110.73,0.88389,87.901,0.7295,0.93655,0.89253,103.32,0.87165,60.328,0.80048,68.442,1.11,98.929,0.96073,96.097,1.0948,32.991,1.0195,59.882,0.99928,89.412,97.757,62.399,143.61,1441.1,1744.9
0.81717,129.87,0.8822,86.768,1.0065,150,1.0156,101.81,0.73193,0.84217,0.8858,165.05,0.91582,133.52,0.78416,30,0.92932,74.757,1.1144,57.67,0.85,66.108,0.86486,46.287,0.93312,55.953,89.085,33.787,156.12,1451,1730
1.046,41.788,1.0123,62.381,0.86891,60.448,0.97967,191.81,0.66819,0.82596,0.93385,63.829,0.77817,165.13,1.1431,95,0.97519,59.726,1.1556,63.957,0.92882,72.525,1.1109,88.442,1.1842,45.496,100.2,62.016,117.16,3032.9,3312.2
0.77241,91.854,1.1329,102.74,0.85,121.47,0.89563,60,0.81823,0.75,0.78312,127.55,0.76942,167.99,1.1629,68.272,1.0272,89.116,1.1052,79.074,1.0978,52.303,1.1208,39.668,0.76985,61.741,167.17,58.261,148.38,2502.3,2876.1
1.2042,127.68,1.0872,50,0.98532,91.346,1.0411,84.591,0.79344,0.95,0.84885,163.24,0.77469,97.922,0.81513,59.079,0.886,56.662,1.1942,68.341,1.1442,63.176,0.90255,69.326,1.1203,11.111,131.18,81.996,151.76,4803.4,5168.3
1.0338,74.373,1.0314,91.514,1.0938,79.264,0.90307,160.74,0.73775,0.86841,0.92375,173.94,0.7795,121.7,0.79608,50.835,1.0972,96.083,1.2263,85.868,0.96824,91.087,1.0637,51.393,0.96665,23.885,128.66,59.266,144.71,2773.1,3105.7
1.0885,135.32,1.0823,94.159,0.9063,126.73,1.0625,116.82,0.76395,0.75352,0.75294,120.91,0.88848,147.69,1.0408,80.54,1.148,94.99,1.1918,60.763,1.0748,48.363,1.0623,62.098,1.229,67.011,79.338,61.996,73.401,2707,2921.7
1.1484,47.511,1.0668,84.05,0.96763,116.08,1.0911,178.92,0.79161,0.8316,0.87235,156.3,0.92645,129.07,1.1148,80.248,1.1647,100,0.99522,94.053,0.9612,53.371,1.0784,45.107,0.93795,75.117,97.422,47.162,107.85,4301.3,4553.7
0.92475,72.416,0.8918,73.407,1.0703,76.825,1.0022,162.49,0.75105,0.75,0.89394,143.97,0.917,166.78,1.25,78.428,0.91295,62.949,1.1961,50.435,1.0294,69.728,1.0005,70.682,1.0469,29.085,89.156,43.544,101.23,3467.1,3701
0.80149,20,1.15,58.773,1.1257,55.68,1.0753,134.61,0.65169,0.77941,0.86924,64.509,0.82048,128.22,0.84913,78.584,0.96825,66.36,0.81915,50.271,0.97338,44.412,1.0026,35.345,0.97596,50.125,92.574,48.348,132.8,2087.3,2361.1
1.0117,86.574,1.15,85.764,1.1223,131.46,1.0958,112.37,0.79389,0.84332,0.7766,173.16,0.85234,130.43,1.0107,30,1.222,58.982,1.0247,82.572,0.90032,50.551,0.95714,63.118,1.0389,67.257,82.717,44.2,107.53,2478.2,2712.6
0.89244,94.262,1.0228,50,0.91174,56.235,1.0452,73.232,0.67454,0.89167,0.85622,152.49,0.79121,48.757,0.87013,88.414,1.1453,70.054,1.1439,63.522,1.0212,87.911,1.1031,74.839,0.82823,37.215,137.01,54.642,171.68,1794.5,2157.8
1.1512,105.8,1.1163,139.1,1.0654,135.44,0.92117,70.798,0.92538,0.85975,0.77189,127.27,0.91203,77.69,0.96616,56.674,1.0202,86.537,0.90627,66.102,1.138,38.362,1.0522,31.741,0.86225,90,120.5,64.485,127.05,5504.1,5816.2
1.25,101.22,0.86591,105.13,1.0919,146.63,1.09,186.98,0.74482,0.89453,0.8987,121.24,0.86724,67.811,0.86475,61.249,0.92423,90.843,1.2004,99.627,1.1061,40.582,1.0928,87.02,0.88144,54.668,79.348,62.002,73.406,2707.7,2922.4
1.0794,37.705,0.93577,83.934,1.14,64.537,0.87742,186.42,0.68308,0.9055,0.87487,164.17,0.82168,157.88,1.0737,95,1.0043,82.843,0.98349,93.497,1.0924,87.278,0.86455,30,0.78971,32.519,162.68,47.73,157.18,4268.6,4636.2
1.1663,66.466,1.0751,145.1,1.102,90.079,0.99277,71.056,0.73412,0.83388,0.7516,80.123,0.86674,46.662,1.1227,78.972,0.83469,80.447,1.0688,71.652,0.87879,81.144,0.91863,76.393,1.1202,30.824,102.58,64.354,117.58,3839.9,4124.4
1.216,78.975,1.15,97.58,1.037,74.08,0.93756,123.19,0.71115,0.89181,0.81039,166.17,0.87474,147.07,1.1666,67.203,1.2403,87.633,1.0981,73.747,0.94234,37.743,1.0262,55.054,1.1759,31.143,79.343,61.998,73.399,2707,2921.8
0.75,94.289,1.0364,122.83,0.93973,61.181,0.85542,134.52,0.87095,0.79026,0.94384,81.673,0.80837,83.824,1.1911,59.955,0.78551,89.924,0.88615,64.122,0.91184,78.643,0.98352,50.704,0.98074,43.07,131.6,70.725,122.59,2989.9,3314.8
0.96059,108.52,0.96259,92.047,0.86898,106.6,0.94803,120.66,0.67874,0.80032,0.79985,121.29,0.89552,121.03,1.0426,45.096,0.96422,51.766,0.88948,90.164,0.85,30,0.8565,53.077,1.1068,16.806,119.47,37.666,122.96,2000.4,2280.5
1.0937,61.201,1.0799,107.05,0.99155,127.06,1.0922,123.8,0.72407,0.92471,0.81662,155.07,0.78134,40,1.1119,48.627,0.94614,63.817,1.185,67.505,0.92207,50.949,0.98023,30.941,0.94977,71.301,131.31,66.359,134.45,3386,3718.1
1.1498,116.36,1.0418,91.366,0.91202,50,0.88779,90.663,0.84706,0.90321,0.77859,180,0.86801,77.005,0.96318,33.255,0.90089,86.497,1.2463,50.041,1.1199,84.033,0.91609,30,0.91887,82.228,121.06,70.055,128.82,5094,5413.9
1.228,116.08,1.0823,75.755,1.0943,113.43,1.0803,77.444,0.69945,0.92306,0.78668,123.07,0.89028,132.03,0.8143,88.911,0.85801,72.891,0.93175,77.508,0.96401,42.552,0.90528,79.918,0.84014,90,128.78,73.378,135,6492.9,6830
0.75,77.828,0.97595,93.735,1.0683,131.92,0.93157,71.075,0.71159,0.78602,0.81697,86.533,0.79825,126.12,1.0214,55.855,0.92105,60.099,0.84044,75.902,1.1256,65.857,1.0466,61.216,0.81964,90,161.61,59.778,146.35,2742.3,3110
0.98,96.611,1.0424,145.78,1.054,133.22,1.0648,108.89,0.83948,0.95,0.80178,180,0.91457,152.15,1.1279,66.186,0.8784,72.075,1.1348,97.569,0.86924,49.602,1.0292,74.942,0.84592,54.047,110.34,33.347,105.43,1653.6,1902.7
0.98772,85.895,0.9638,70.746,1.0129,99.554,0.95055,93.573,0.77586,0.86188,0.78058,143.58,0.7582,51.411,0.9874,87.779,1.0436,54.085,1.0309,76.85,1.0119,58.451,1.1208,79.899,1.0526,20.958,143.08,64.389,139.06,1667.4,2013.9
0.7826,95.949,1.1012,142.2,0.98398,90.606,1.0681,129.23,0.8109,0.87022,0.89305,70.181,0.78783,120.73,0.91665,50.751,0.83431,94.648,0.86493,98.306,0.97043,64.321,1.0908,35.156,0.91755,80.773,104.35,59.422,146.52,1349.5,1659.8
0.75162,78.429,0.86956,103.84,0.95952,85.192,0.85,197.24,0.71954,0.75,0.8107,157.57,0.89787,180,0.99062,54.028,0.92567,100,1.095,65.615,0.90987,89.452,0.85655,43.207,1.2099,35.726,78.46,51.729,141.8,3039.7,3311.7
1.2008,46.609,1.0128,79.34,1.15,76.127,1.1339,160.26,0.80423,0.92855,0.86066,171.46,0.89781,140.83,1.0402,69.094,0.84275,58.456,1.079,92.323,0.97319,88.053,0.90575,63.91,1.1331,35.24,82.679,50.132,109.51,3964,4206.3
1.0402,34.985,1.1258,102.61,1.0592,104.69,1.1453,125.38,0.6806,0.90733,0.90102,164.75,0.77886,125.75,0.96237,68.726,1.1853,90.509,0.95165,50,1.0272,89.552,1.0183,30.073,0.86689,35.373,123.91,56.508,124.84,2800.7,3105.9
0.84545,56.097,1.0725,86.289,0.94749,72.412,1.0436,69.43,0.71388,0.76582,0.92886,49.737,0.81672,113.95,0.81758,34.597,1.1937,73.31,1.1913,67.718,0.942,41.368,0.88834,52.652,1.249,48.836,83.453,47.901,132.95,2285.7,2550
0.96352,54.581,1.0752,72.57,0.85693,150,0.99291,88.349,0.86379,0.75,0.88951,129.07,0.8516,134.82,1.0573,55.91,1.0949,99.25,0.98844,70.239,1.0026,91.655,1.0338,87.304,0.9773,80.662,105.11,45.044,118.8,1432.1,1701
1.0703,40.772,0.97352,127.58,0.8976,71.329,0.97124,110.21,0.95,0.82102,0.79826,115.67,0.88047,60.425,0.87956,57.787,0.77017,84.443,1.24,75.286,0.91843,98.032,0.98778,66.404,1.0783,47.906,94.32,58.575,125.52,2578.5,2856.9
0.81299,137.21,0.86539,87.674,0.90697,64.11,1.0164,172.06,0.90555,0.87689,0.76808,109.28,0.93584,137.81,1.1595,38.539,1.1415,70.798,1.25,74.698,0.88005,30,0.97885,92.078,1.0733,62.914,57.078,41.133,116.13,2380.7,2595.1
1.2494,114.82,1.0012,50.752,0.89691,138.9,0.8629,130.49,0.85482,0.80572,0.77545,52.039,0.81149,104.17,1.25,37.192,0.88063,82.118,1.0144,67.41,1.0501,81.391,0.87919,94.779,0.77983,82.667,172.44,79.349,148.7,6325.7,6726.2
0.83222,88.686,0.92107,111.79,0.9051,89.569,1.0081,116.13,0.71292,0.86341,0.93586,137.03,0.85044,178.29,1.13,61.773,0.94604,54.574,0.91834,79.52,1.0704,67.541,0.85917,69.795,0.99172,75.406,81.976,56.736,127.92,1773.8,2040.4
0.99624,35.923,1.0775,54.514,0.88286,94.415,1.0117,145.6,0.87047,0.80643,0.81566,123.64,0.79102,144.35,0.95317,66.817,1.041,90.1,0.97528,76.01,0.96503,55.945,0.91796,57.882,0.93336,29.588,144.3,55.047,143.17,1709,2051.5
0.91886,59.721,0.89352,60.97,1.0582,95.606,1.0551,162.33,0.72728,0.78191,0.86883,109.16,0.89778,130.34,1.2044,48.373,1.0469,90.679,0.86987,98.395,1.0023,70.502,1.0269,74.386,0.81868,11.291,134.99,40.751,104.49,2671.8,2952
0.94752,71.439,1.0557,150,0.88567,109.94,1.0091,178.99,0.77972,0.89922,0.80444,114.57,0.7718,73.269,1.0773,76.279,1.1158,66.679,0.91162,60.21,1.0893,90.212,1.0727,90.485,0.90976,80.733,142.26,67.341,129.96,1566.5,1906
0.93306,82.067,1.0578,146.84,1.0305,100.86,0.90415,174.62,0.8744,0.83888,0.7568,134.38,0.78962,47.829,1.1804,93.032,1.0769,99.011,0.79687,85.933,1.0053,81.833,1.0248,75.692,1.1289,32.665,100.96,67.67,102.54,2422.3,2693.5
0.8082,105.48,1.1475,128.59,1.1327,50,1.1061,168.24,0.82403,0.76353,0.80288,99.037,0.76274,51.656,0.78756,49.137,1.0988,75.962,0.81519,96.495,0.91171,71.726,0.95532,89.839,0.76387,25.558,133.47,68.094,153.61,4765.3,5120.5
0.98719,137.42,1.0416,145.22,1.15,128.24,0.89693,64.556,0.91728,0.80288,0.84993,55.058,0.87884,87.373,0.75,70.595,1.1576,99.338,1.1596,63.562,1.0061,81.076,0.8949,34.877,0.88477,33.849,108.13,51.039,138.86,2603.3,2901.3
1.0828,118.96,1.0886,99.307,1.0165,57.177,1.0882,80.221,0.7506,0.91602,0.76092,91.579,0.94163,68.683,0.85028,66.593,1.0229,57.138,1.2066,59.247,0.93743,74.657,0.87588,72.715,1.1378,68.379,84.453,58.938,106.51,2957.8,3207.8
1.1018,56.602,1.0721,116.12,0.85781,103.95,1.1347,148.6,0.65,0.92909,0.87021,128.79,0.78231,91.838,1.1317,74.139,1.1707,88.723,0.92163,85.207,1.0759,38.63,1.0606,58.182,0.88449,42.539,130.74,69.669,130.21,3389.8,3720.4
1.0951,48.748,0.98211,82.328,0.90431,81.316,1.1337,164.3,0.79019,0.79353,0.77817,150.79,0.8999,64.594,1.0782,60.968,0.76532,90.707,0.77826,50,0.98609,81.035,0.8923,33.639,0.76355,18.226,140,55.89,115.45,4146.2,4457.5
0.88976,40.332,1.1293,98.78,0.88809,145.42,1.0044,87.076,0.92251,0.79826,0.77397,111.21,0.83666,59.003,0.8597,84.318,1.0717,79.979,1.0341,64.473,0.96668,72.936,0.97253,32.066,0.87841,69.858,120.25,55.105,155.02,1571.5,1901.9
1.2114,56.062,1.0931,115.63,1.0522,62.417,1.0741,88.118,0.9178,0.87567,0.94113,120.64,0.92312,59.101,0.91857,54.878,0.81457,55.779,1.126,62.985,1.0928,57.155,1.0563,38.959,1.1099,59.517,89.441,65.088,114.95,4215.6,4485
0.98046,67.052,1.109,103.63,1.1311,64.176,1.0293,189.44,0.85228,0.81313,0.75244,73.13,0.83975,145.11,0.88913,53.524,0.8532,56.003,0.79596,84.398,1.0386,66.626,1.1415,87.047,0.95691,56.418,107.11,46.48,122.36,2477.2,2753.1
0.861,67.15,1.1215,54.565,0.8986,139.2,1.0997,163.56,0.8353,0.93516,0.76563,51.77,0.77855,166.76,1.0085,93.743,1.25,68.493,0.85281,84.124,0.98008,83.74,1.0202,59.707,1.1646,46.507,88.068,55.981,114.03,1703.1,1961.2
0.96629,72.925,0.89214,86.051,1.0976,58.704,1.1422,62.425,0.87531,0.78569,0.88301,119,0.80094,160.73,0.77097,36.575,0.89503,50,1.0604,62.11,0.9324,72.075,1.0113,50.738,0.99399,90,114.35,59.015,137.95,4029,4340.3
1.036,34.401,1.15,123.93,0.98369,67.601,1.0651,123.39,0.88725,0.88223,0.8523,122.24,0.89799,115.48,1.2145,87.705,1.1758,69.533,0.86681,86.836,1.036,31.724,0.96782,85.592,0.91838,27.015,104.76,49.537,101.84,3047.6,3303.7
0.83144,72.535,1.0003,134.29,1.0157,64.726,0.91844,147.21,0.76694,0.89116,0.78891,122.84,0.81509,70.477,0.87844,47.42,1.1481,94.708,0.76076,89.844,1.0256,85.561,0.91131,47.43,1.1525,49.021,69.465,52.112,141.53,1542.8,1805.9
1.2432,56.005,1.15,132.23,0.99574,82.274,1.0105,91.849,0.78365,0.91993,0.86729,45.432,0.83065,170.33,1.19,74.233,1.2272,86.974,0.76311,82.411,0.99008,93.286,0.96767,97.637,1.0529,54.504,107.74,65.848,120.74,4362.6,4656.9
0.97183,140,1.0122,102.32,1.15,87.66,0.94289,194.94,0.82365,0.79823,0.8272,173.51,0.91714,139.45,0.80341,51.101,0.93812,89.688,1.0219,92.785,1.0101,65.297,1.1271,34.542,0.96398,24.981,98.277,40.558,132.26,3499.5,3770.6
0.88523,58.093,1.0178,87.789,1.0156,148.81,0.99179,65.352,0.65431,0.80659,0.75494,43.001,0.89287,178.34,1.2494,61.123,0.96685,57.872,0.77785,89.931,1.0541,98.594,0.89186,94.273,1.0144,75.757,88.184,48.376,103.54,3915,4155.1
0.84815,84.174,1.0484,118.58,1.0096,67.029,1.0518,183.59,0.75527,0.84057,0.89333,150.54,0.91642,52.412,1.0402,30,1.1146,88.092,1.085,61.778,0.89824,65.196,0.85,30.818,1.1787,57.872,48.677,43.158,109.09,1814.1,2015
0.84569,34.686,0.89786,56.683,1.1319,147.75,0.90543,133.39,0.85072,0.88356,0.804,120.58,0.94527,114.28,1.0217,72.158,0.87988,91.866,0.80833,63.992,1.0929,55.303,0.87673,35.777,0.85649,37.168,112.46,24.68,131.37,4388.6,4657.1
1.0202,57.412,0.86576,50,0.85,59.147,0.87965,155.87,0.91277,0.84234,0.84438,48.176,0.76686,171.24,1.25,33.246,1.121,74.251,1.1077,72.906,1.0992,54.241,1.1473,68.878,1.1697,73.951,153.25,70.172,140.58,11560,11924
1.0399,37.898,0.89542,91.672,0.86968,71.742,0.90077,200,0.90943,0.78068,0.76684,90.517,0.87754,95.211,1.0289,80.398,1.1405,56.244,0.87974,54.359,1.0468,74.877,0.85644,56.89,1.1906,15.192,107.36,47.154,120.69,4651.2,4926.4
1.2192,27.15,1.0367,125.2,1.0598,99.698,0.89952,102.74,0.91672,0.78304,0.93085,67.714,0.82517,57.355,0.80964,31.915,1.1164,73.013,0.78807,78.982,1.1306,89.235,0.94996,53.697,1.0713,16.746,117.21,72.912,143.08,4336.3,4669.5
0.91785,134.54,1.0491,114.47,1.0044,55.171,0.97393,163.16,0.83027,0.93442,0.81204,132.89,0.76331,128.3,1.0835,54.181,1.2212,58.257,1.179,92.304,1.0103,83.02,0.97516,90.53,0.8362,23.809,152.88,54.079,139.54,1802.3,2148.8
0.99888,37.796,1.1245,50,1.0879,94.331,0.9614,170.13,0.75923,0.926,0.8635,76.286,0.92381,75.454,0.9032,80.83,1.115,88.528,0.79993,91.875,0.99589,40.158,1.0815,43.418,1.0644,85.705,71.184,37.419,112.87,1808.4,2029.9
1.0783,131.43,0.91363,121.74,1.1093,145.47,1.1121,61.479,0.82589,0.93183,0.83843,124.47,0.89521,100,0.95259,37.94,0.81783,70.423,0.97779,64.251,0.99451,71.187,1.1311,67.638,1.1912,38.334,66.294,52.097,102.66,2393.6,2614.7
1.2203,71.77,1.1376,99.92,0.85133,58.6,0.88139,133.92,0.65,0.82515,0.76284,98.289,0.8356,40,0.80835,50.727,1.2297,71.202,0.87125,86.292,0.99687,88.839,1.0691,66.334,0.91396,62.691,133.45,87.628,151.08,4554.1,4926.2
0.94813,140,0.87049,55.394,0.87957,138.68,0.94153,135.48,0.68631,0.90125,0.90861,68.833,0.90557,138.01,0.87589,51.456,0.86757,83.551,1.1071,97.234,1.0906,82.8,0.99455,100,1.2059,62.47,78.129,44.892,122.54,2704.5,2950.1
0.81058,57.341,1.0508,66.877,0.91515,87.856,0.97294,73.855,0.66908,0.89241,0.90551,164.71,0.80184,108.07,1.1977,62.816,1.0638,71.384,1.076,92.964,0.92231,37.797,1.0532,100,0.90297,47.957,137.15,67.947,131.63,3192.5,3529.2
0.84164,39.321,1.0764,91.426,1.046,134.98,1.0035,156.28,0.84855,0.89368,0.84315,144.98,0.91667,63.49,0.84607,54.971,0.7908,61.885,0.83985,98.12,0.85,55.555,0.94773,84.982,1.0203,12.532,125.87,43.643,149.69,1638,1957.2
1.1204,138.69,1.1027,125.31,0.90645,115.61,0.93089,183.35,0.92617,0.92315,0.79934,98.978,0.89332,165.38,0.92012,70.009,1.1507,68.547,1.2365,89.889,1.0413,90.967,1.0008,43.1,1.1848,66.104,137.27,83.769,86.745,3102.6,3410.4
1.0331,83.096,0.8968,94.913,1.1212,60.141,1.0516,200,0.86641,0.8369,0.94925,177,0.85387,154.89,1.0017,58.558,1.25,78.302,0.7881,83.35,1.0835,63.038,1.1377,36.061,0.96313,77.628,92.737,50.527,112.25,1594.4,1850
0.82402,50.852,1.0168,73.239,1.1099,127.13,1.0591,200,0.66461,0.82221,0.79997,127.23,0.82069,109.27,0.80233,60.126,1.1753,88.555,0.85982,100,0.97416,38.327,0.98149,55.043,1.1116,76.424,83.534,46.171,130.78,1735.7,1996.2
1.1773,88.764,1.0411,126.82,0.919,132.58,1.0325,161.4,0.68902,0.86502,0.79508,152.12,0.82185,53.651,1.1672,58.986,1.0613,50.544,1.1839,86.656,0.9187,81.365,0.90671,92.99,1.044,36.337,127.53,75.722,136.98,4555.9,4896.1
1.1398,73.004,0.94618,149.27,1.0584,110.77,0.86796,83.086,0.69454,0.91351,0.85531,165.59,0.82785,41.453,1.2186,44.857,1.1678,70.932,1.0138,81.262,0.8612,37.453,0.97454,48.936,1.1683,10,194.26,77.18,131.06,4157.3,4559.8
1.1007,41.846,1.0066,50,1.0597,68.144,0.90603,164.34,0.84557,0.82361,0.75861,57.595,0.9276,110.84,0.92396,65.237,0.91362,96.916,1.0025,63.308,1.119,54.456,0.85784,67.025,1.1016,52.495,75.731,45.759,106.85,2735.4,2963.7
1.1169,82.28,1.0267,141.85,0.94443,140.7,1.1187,69.439,0.76436,0.82183,0.76412,75.671,0.77642,69.93,0.75,71.068,0.82251,60.26,1.1967,57.066,0.94917,72.022,0.91604,99.028,1.0885,10,139.11,79.651,152.28,3418,3789.1
1.133,31.399,0.97611,109.25,1.0744,69.446,1.0091,184.11,0.82025,0.91771,0.80862,137.2,0.9124,145.97,0.85728,35.856,1.1116,74.14,0.94745,56.054,0.96966,44.581,0.98609,46.455,0.7935,16.958,134.52,48.015,134.16,4162.9,4479.6
1.0673,103.22,1.1078,138.1,0.95813,84.962,0.9735,126.2,0.75004,0.92487,0.81295,71.674,0.84798,62.107,1.0491,81.356,1.0602,52.705,1.1667,66.221,1.0038,81.494,0.95342,89.05,0.7545,71.964,155.36,60.963,131.54,4289.7,4637.6
1.1377,74.37,1.1173,98.132,1.0534,115.13,1.1273,200,0.65,0.76001,0.75231,89.254,0.92647,99.295,0.88121,68.118,0.96605,80.644,1.0381,51.854,0.98933,90.874,0.99696,68.54,0.98591,44.124,92.711,55.909,108.41,3871.3,4128.3
0.75,119.41,1.1199,146.86,0.88708,149.79,1.115,66.194,0.72218,0.89995,0.86468,72.071,0.75854,161.64,0.81093,39.135,1.1188,89.426,0.93986,81.07,1.0392,44.11,0.93266,83.588,1.1837,82.179,90.334,52.516,143.44,1916.6,2202.9
0.78245,128.24,1.0977,135.42,0.85291,114.29,1.1497,132.87,0.75338,0.85435,0.78585,56.554,0.93119,48.507,1.1377,36.054,1.2113,80.065,0.89416,83.635,1.0181,30,0.9821,51.02,0.82767,60.186,90.27,53.3,100.73,2388,2632.3
1.076,64.082,0.91602,78.358,1.1469,127.45,1.0878,178.53,0.76285,0.90346,0.88198,84.521,0.80747,101.49,1.2413,83.568,1.0185,99.694,1.2393,83.424,1.1243,73.435,1.0196,30,0.9918,17.693,129.75,100.61,104.48,5977.8,6312.7
1.1512,67.259,1.15,67.497,1.0356,140.53,0.91465,169.8,0.93217,0.7766,0.85958,103.04,0.83531,70.473,1.0248,79.539,1.0051,65.783,1.0603,84.056,0.92557,89.176,0.92861,69.711,1.25,70.768,66.731,57.12,111.58,2893.1,3128.5
1.1501,48.046,1.0984,80.87,0.99741,50,0.8649,75.708,0.90888,0.77849,0.91715,40,0.77686,109.79,1.1069,76.137,1.1235,69.391,0.81082,67.299,1.0465,80.111,0.99582,93.694,0.78319,70.26,178.75,78.961,154.54,5229.6,5641.9
1.2028,113.49,0.97174,102.98,1.0601,66.203,0.98483,73.125,0.94492,0.95,0.76082,179.27,0.90629,180,1.0236,55.182,0.7526,96.158,0.9916,70.431,1.1434,98.355,0.95848,49.131,1.1167,76.232,84.01,60.832,113.19,4940.1,5198.1
0.99418,81.447,0.87887,104.78,0.98071,96.772,0.86855,117.99,0.70974,0.75,0.95,44.766,0.91152,166.39,1.0088,60.521,1.0783,78.66,1.0892,89.791,1.0444,92.516,0.94563,36.603,1.1762,20.411,82.173,35.474,111.12,1919.6,2148.4
0.92315,81.441,1.1289,68.319,1.1472,117.19,0.93301,89.268,0.94785,0.9276,0.7873,140.17,0.87857,153.46,1.0041,83.422,0.9734,72.27,0.9203,84.262,0.90832,76.76,1.0632,89.607,0.91908,85.21,109.84,35.016,122.88,3853.2,4121
0.93617,79.748,0.99971,86.613,1.0243,74.348,0.88675,168.21,0.70523,0.85813,0.79514,147.53,0.83067,180,1.2104,58.797,0.81355,74.336,0.9207,100,0.94719,83.494,0.85,98.494,0.75,28.24,179.95,48.264,169.73,8160.6,8558.5
0.98973,68.627,1.1046,79.121,0.98449,124.66,1.0209,86.886,0.68487,0.85993,0.83432,158.67,0.86376,131.57,0.78611,36.828,0.82158,91.563,0.98082,65.918,1.1354,76.661,1.0231,77.494,0.79401,54.545,132.91,47.998,146.13,2114.3,2441.3
0.99326,114.18,0.9961,114.37,1.064,66.798,0.95823,96.078,0.75245,0.91747,0.84874,101.44,0.93402,146.24,0.94349,67.131,1.2308,63.402,1.25,73.501,0.91393,77.087,0.9498,84.563,1.1483,29.845,67.469,35.78,109.26,4910,5122.5
1.0805,59.162,1.0148,150,0.87608,128.8,0.85554,146.66,0.77247,0.90766,0.90755,81.901,0.86806,92.017,1.1758,46.662,1.1591,53.934,1.2047,95.747,0.88955,36.078,1.082,39.907,0.98298,26.172,115.2,49.436,118.68,4031.2,4314.5
1.0645,35.828,0.91704,79.133,0.87405,100.17,1.1237,142.89,0.84529,0.88315,0.95,55.953,0.82085,120.81,0.86268,62.862,1.1579,73.627,1.1473,97.266,1.0826,87.64,1.1014,65.762,0.83942,16.855,124.65,52.613,136.12,3814.3,4127.7
0.89875,118.86,1.0241,65.164,0.94444,114.93,0.92113,176.3,0.73997,0.92789,0.80722,117.54,0.76348,107.47,0.76982,41.225,1.1456,51.451,1.1016,93.385,0.92929,77.053,1.1102,53.197,0.82307,74.851,149.13,62.481,199.91,1858.8,2270.3
1.142,62.238,0.98756,137.71,1.1138,92.333,1.0868,176.66,0.86736,0.90062,0.9035,162.06,0.85616,62.954,1.0866,71.254,1.0886,93.4,1.1427,89.344,1.1261,39.452,1.1241,57.785,1.0168,83.257,98.55,57.855,118.57,3831.2,4106.1
0.81288,46.674,0.95289,150,1.0896,119.8,0.97302,107.87,0.75904,0.86905,0.78455,119.85,0.80797,149.38,0.92491,67.155,1.1059,78.657,1.199,66.085,0.95563,45.939,0.97402,82.532,0.75067,78.425,141.75,40.919,143.73,2214.4,2540.8
1.0258,32.674,1.1265,126.81,0.93636,92.264,1.0299,166.93,0.89462,0.90927,0.87688,102.67,0.87249,144.39,1.0644,35.182,0.8919,80.903,1.0377,89.926,0.91112,35.581,0.8706,64.483,1.1972,65.914,61.831,37.502,98.985,1532.6,1730.9
1.1527,75.999,1.0689,73.255,1.0439,54.072,0.95096,127.43,0.92261,0.76458,0.89093,100.43,0.93715,107.2,0.7513,86.789,0.89846,85.625,1.1942,71.116,0.99652,69.371,1.0299,66.293,0.87519,33.373,117.34,50.933,121.45,6065.7,6355.4
0.91285,52.714,1.0011,80.148,1.0938,117.15,1.15,103.25,0.8626,0.77617,0.92254,134.82,0.84491,156.66,0.96441,46.832,0.81618,55.816,0.86738,94.323,1.1022,94.286,0.94391,39.442,0.83286,31.815,108.22,35.128,110.62,2655.9,2909.8
1.0525,69.926,1.0456,98.287,1.1419,84.981,0.89344,150.8,0.78027,0.90789,0.79412,96.361,0.95,169,0.78726,63.551,1.2374,75.368,0.90206,99.831,0.94153,36.317,0.95776,95.834,0.85084,50.181,92.698,39.517,119.67,1984.3,2236.2
0.79678,51.287,1.0902,95.199,1.1163,128.61,1.131,165.7,0.74938,0.75817,0.86898,104.62,0.81805,175.78,0.84509,84.074,1.2464,61.874,1.0851,57.686,0.91087,81.835,0.92924,91.491,0.86826,41.268,117.54,40.355,127.08,4668.3,4953.3
1.1996,43.652,0.85,150,0.96433,115.89,1.0796,126.66,0.73047,0.8491,0.78937,72.716,0.868,173.41,0.91975,80.258,1.1663,69.843,0.9219,55.797,0.99983,61.382,1.1117,61.755,0.87178,65.14,120.41,58.833,126.59,6076.2,6382
0.90947,48.813,0.9882,121.56,1.1235,131.4,0.98865,127,0.88805,0.86571,0.88252,149.98,0.77638,136.06,1.25,46.768,1.25,78.944,0.84424,73.716,0.99986,46.125,0.85,64.785,1.0369,28.156,113.57,57.532,105.38,2767.5,3043.9
1.0862,107.66,1.1029,63.107,1.0743,93.091,1.0715,185.66,0.7714,0.81425,0.83997,169.19,0.81127,72.433,0.75696,51.204,1.0628,99.305,0.862,83.81,0.98358,42.133,1.0152,77.432,0.76319,25.137,159.17,82.49,151.99,3354.1,3747.8
1.1284,87.358,1.0706,115.66,1.1268,93.441,0.98829,165.28,0.68801,0.82171,0.86015,108.66,0.88805,61.25,0.98849,59.055,1.1272,85.141,1.1638,80.231,0.93996,35.814,0.87755,37.722,0.86463,23.571,139.43,62.287,129.3,4562.5,4893.6
1.1325,117.33,0.98582,113.73,0.87666,60.425,1.0949,74.927,0.69618,0.91755,0.89357,152.73,0.86268,110.27,1.1527,53.241,1.0237,73.402,1.069,84.314,0.89787,36.725,0.941,38.714,0.81827,34.231,147.94,60.718,127.47,5559.4,5895.6
1.2224,47.64,1.15,54.259,1.0442,57.02,1.1363,62.2,0.93463,0.93566,0.88214,101.01,0.93521,75.635,0.93135,53.022,1.1154,90.021,0.81174,85.404,1.0966,32.292,0.97941,49.76,1.026,79.646,94.105,62.19,114.36,4508.8,4779.4
1.0326,43.056,1.1478,70.053,1.0009,108.44,1.0601,126.33,0.89784,0.81972,0.78105,117.11,0.87177,47.654,1.1143,93.216,0.75207,58.838,0.75161,100,0.96762,31.006,0.86071,48.398,1.0153,69.288,99.932,57.961,107.36,1805.5,2070.7
1.0424,28.354,1.0952,138.04,1.1305,144.51,0.86733,175.63,0.68015,0.81399,0.83004,88.087,0.8006,49.963,1.0191,48.255,0.82462,50,1.032,59.929,1.0248,71.653,0.90043,76.25,1.0093,36.569,115.79,49.616,128,2912.6,3206
0.90288,107.58,1.1147,118.43,0.98361,100.81,1.1089,173.69,0.89621,0.78968,0.86255,71.325,0.81559,143.65,0.98598,94.217,0.83506,74.424,0.91907,73.383,1.0257,36.071,1.136,37.498,0.82074,81.337,121.27,45.848,115.73,1723.6,2006.5
1.2267,49.934,1.1486,54.125,0.8827,64.242,1.0784,183.85,0.82938,0.80498,0.82065,108.91,0.86669,53.875,1.0094,63.298,1.0769,74.161,0.77998,90.963,0.91245,61.634,1.1118,100,0.82648,40.663,149.65,76.388,140.52,4901,5267.5
1.1953,101.05,0.93975,66.926,0.98335,112,0.92973,186.58,0.77986,0.92649,0.90461,96.109,0.82407,88.506,1.0599,69.889,1.0202,89.13,0.81809,93.569,0.87889,75.434,1.0946,42.629,0.89348,68.04,153.92,84.303,152.6,7048,7438.8
0.75,63.444,1.0179,77.345,1.1482,103.07,1.0342,125.98,0.77492,0.75,0.93539,87.365,0.76759,85.012,1.1394,54.951,1.2127,93.154,1.25,64,1.066,84.64,0.85542,41.646,0.99374,26.121,116.54,55.316,120.35,4536.4,4828.6
1.1704,67.84,1.1105,134.44,1.15,52.295,1.0878,138.62,0.95,0.88383,0.83448,79.605,0.84264,40.163,1.25,82.708,1.25,62.569,0.96896,69.979,1.065,79.481,0.89523,42.418,0.98342,47.152,119.87,71.901,122.77,3713.6,4028.2
0.93687,20,0.8912,109.41,1.0277,78.167,0.92013,124.11,0.92511,0.93097,0.91695,144.75,0.81667,148.48,0.99231,90.344,1.25,91.44,0.98905,86.696,1.008,79.254,1.0799,68.643,1.0308,37.364,108.72,49.283,123.35,1652.1,1933.4
1.2231,122.83,0.97744,108.77,0.91538,98.489,0.91352,77.95,0.90234,0.75253,0.77261,130.37,0.78604,49.858,0.7678,58.448,1.1609,63.248,0.95823,97.105,1.0154,40.047,0.9332,63.836,1.0415,10,153.19,99.496,170,5950.5,6373.1
0.83444,118.75,0.89733,96.807,1.0019,149.63,0.94002,173.71,0.69234,0.92665,0.77562,173.06,0.83342,145.85,1.0623,95,0.8323,86.121,1.0303,88.647,0.88991,55.054,1.1141,83.727,1.0146,84.563,78.498,53.069,110.73,1379.6,1621.9
1.1195,61.28,0.88496,103.4,0.9345,75.459,1.0212,82.336,0.73569,0.82398,0.76288,80.559,0.84191,180,1.25,90.434,1.0205,58.078,1.1577,87.169,0.94809,43.225,0.97503,68.609,0.76998,61.153,151.86,50.407,124.32,4859.9,5186.4
1.1183,118.97,0.92775,53.759,0.95581,66.929,1.0851,82.284,0.8062,0.75003,0.84773,159.76,0.75413,138.86,0.89524,84.266,0.9999,73.645,0.91983,70.452,1.0295,63.041,0.96394,66.182,1.1653,75.342,117.31,81.701,144.37,5302,5645.4
1.1998,126.97,0.96854,65.969,1.15,57.087,1.0531,68.19,0.7137,0.91405,0.88775,86.181,0.78906,62.771,1.1353,75.166,0.76159,62.256,1.1676,74.688,0.91882,48.809,0.96257,38.171,1.0504,31.002,127.8,73.984,130.17,5042.9,5374.8
0.85996,61.657,1.0643,88.735,1.0841,101.81,0.90461,177.86,0.92165,0.82049,0.79782,109.94,0.92187,139.98,1.0662,38.513,0.91505,96.166,0.81718,94.603,0.94667,66.811,1.0279,97.788,0.842,73.676,113.16,27.489,129.54,2524.4,2794.6
1.0282,70.799,1.0824,108.37,1.0967,120.07,0.92471,135.25,0.69512,0.75545,0.77935,125.68,0.84519,88.833,1.1834,71.544,1.1663,54.534,0.84554,79.84,1.1201,94.462,1.0662,76.944,0.80191,76.315,143.8,58.621,125.87,2811.1,3139.4
0.90538,70.916,0.93044,101.86,1.0512,76.102,0.97723,91.516,0.73769,0.91452,0.78962,71.966,0.92813,149.92,0.84202,87.391,0.84194,50,0.81495,81.789,0.97751,100,1.0388,38.857,0.88932,72.483,95.047,29.341,144.63,1673.2,1942.2
0.78201,139.16,1.1365,127.16,0.95427,136.48,0.89074,79.239,0.79443,0.78652,0.85536,117.67,0.77085,126.42,1.2422,44.497,1.1964,91.729,1.1314,55.78,0.85,73.499,1.14,51.462,0.90601,23.835,143.59,79.539,133.55,3150,3506.7
1.1795,63.549,0.96354,136.74,0.96135,64.009,0.95582,93.63,0.70653,0.8097,0.92163,53.554,0.88712,101.55,1.2286,69.059,0.76136,72.577,0.81527,50.701,1.1147,75.358,1.0776,83.348,1.0081,62.055,114.84,62.305,117.39,5978.3,6272.8
0.81191,83.137,0.98619,102.29,0.86317,97.652,1.0936,177.63,0.91241,0.94807,0.78011,91.788,0.76019,49.359,0.80475,37.393,0.85737,72.472,1.2013,91.207,1.0082,31.694,0.94293,50.842,0.93677,65.841,112.2,55.991,173.67,2827.5,3169.3
0.92367,117.5,0.87635,115.51,0.85899,116.2,1.0654,174.49,0.75768,0.80934,0.75609,129.4,0.77673,118.85,1.2108,73.856,1.1648,92.28,1.1694,80.442,0.92465,64.633,0.90097,57.445,0.96086,75.531,124.31,97.482,122.06,12035,12379
0.80424,111.14,1.037,137.97,0.91836,100.74,1.1252,79.745,0.76586,0.769,0.79614,78.824,0.89443,143.46,0.86237,30,1.082,71.548,0.84373,57.251,1.0894,36.819,0.90817,78.828,0.80181,19.77,109.51,34.407,145.6,1841.7,2131.2
0.96171,77.522,0.99238,107.25,1.1008,116.77,0.85798,169.41,0.94788,0.8374,0.94433,69.67,0.91515,124.06,1.0424,61.977,1.1235,68.483,1.1382,85.566,0.93965,90.053,1.0556,44.092,1.0867,71.593,66.623,32.789,97.385,1791.3,1988.1
0.83255,85.172,0.86146,102.49,0.90518,101.83,1.1108,123.07,0.7131,0.95,0.85956,40.804,0.76877,65.387,1.1519,59.178,0.88635,89.134,0.91052,62.987,0.88925,39.756,1.1094,90.176,1.0164,51.382,143.89,83.857,140.75,4682.7,5051.2
0.80544,84.718,1.0038,70.107,1.0746,79.206,0.94232,196.65,0.74397,0.91845,0.93387,41.065,0.9202,141.43,0.88039,38.005,1.082,66.813,0.87382,90.12,1.0931,100,0.88788,89.609,1.25,79.249,59.466,36.718,118.38,2742.7,2957.3
0.94922,27.656,1.0917,150,0.96618,71.445,0.92735,113.11,0.68579,0.84443,0.88398,110.01,0.92442,150.58,1.0417,32.749,1.0384,85.54,0.75358,82.91,1.0686,69.652,1.1048,57.898,1.1338,42.031,58.531,31.799,111.01,1490.6,1692
0.75107,96.143,1.0501,114.18,0.90099,115.04,0.91874,137.2,0.9102,0.92816,0.80579,40,0.76256,168.81,0.82957,62.453,0.93702,73.539,0.93273,73.545,1.0509,41.338,1.1461,77.434,0.93168,38.263,124.77,74.979,202.8,1468.5,1871.1
0.92947,82.431,1.0723,50,1.0365,138.04,0.89925,195.03,0.75274,0.93908,0.80646,68.44,0.77867,100.78,0.90504,38.969,1.0428,88.635,0.94416,83.605,0.86405,79.199,0.98004,86.281,0.90125,32.886,158.55,62.581,156.26,1551.2,1928.6
1.1795,87.734,0.87073,117.22,0.8901,69.847,1.1319,192.96,0.6854,0.86878,0.85009,52.314,0.78905,93.777,1.0641,82.333,0.9952,89.112,1.0296,81.297,1.051,63.971,0.94811,54.335,1.1978,44.653,79.341,61.997,73.411,2707.6,2922.3
1.087,20,1.15,102.26,1.1389,84.952,0.99302,138.52,0.74626,0.93096,0.88287,90.397,0.89248,173.42,1.1337,59.871,1.1894,54.361,0.75,60.109,0.85746,71.573,0.9073,39.592,1.1286,72.558,63.866,37.883,95.631,2118.4,2315.7
1.0522,123.42,0.91215,59.045,0.86563,72.44,0.96132,160.15,0.74322,0.79179,0.79256,45.302,0.95,46.787,0.88741,63.967,1.0529,56.8,0.77039,81.571,1.0355,66.569,0.94846,42.541,0.97529,41.99,117.51,65.429,121.89,3772.7,4077.6
0.90879,66.613,1.0827,133.5,0.85174,108.19,0.89282,172.33,0.70912,0.82952,0.88637,40,0.86647,157.1,0.94281,43.207,1.1133,75.974,0.86881,76.608,1.0482,51.899,1.0818,49.506,0.94309,83.19,99.36,35.366,141.99,1371.5,1648.2
1.225,50.492,1.15,127.82,1.0328,121.74,0.97955,84.225,0.85227,0.80231,0.93779,57.143,0.80201,155.83,0.84873,47.296,0.80803,76.451,1.1243,64.482,0.91701,65.122,0.86454,62.169,1.0604,19.916,128.55,75.406,139.73,5183.5,5527.2
0.80035,20.338,1.15,78.81,0.9031,143.37,0.95364,160.81,0.77936,0.78825,0.82428,108.75,0.87087,68.509,0.77788,82.374,0.9644,54.468,0.81824,59.305,1.1205,72.357,1.0455,30,0.86455,32.621,123.36,61.143,189.37,2373,2746.8
1.0184,58.585,1.0062,54.473,1.0933,89.549,0.86737,187.89,0.8531,0.79973,0.92305,151.21,0.83763,69.075,0.75,32.508,1.1908,79.926,1.0618,50.383,0.91237,93.139,0.98738,77.446,0.87121,14.588,144.36,68.954,158.48,1614.4,1986.2
1.0316,34.439,0.89113,101.3,1.0914,92.03,1.0487,138.87,0.88532,0.93125,0.81574,130.19,0.87073,180,0.89185,68.795,0.97215,82.309,0.85544,61.93,0.97607,36.147,1.009,44.108,1.2028,27.932,75.613,41.477,111.57,1795.8,2024.5
0.83788,53.612,1.1219,90.184,0.85323,123.46,0.93325,120.47,0.78756,0.76601,0.75422,122.24,0.7678,67.387,1.0821,39.047,0.93509,66.774,0.88675,68.975,1.0803,93.442,0.9357,51.35,1.1638,29.342,62.17,63.179,112.3,1479.6,1717.2
1.0817,58.991,0.99902,98.885,0.9945,149.73,0.86579,188.6,0.66437,0.92372,0.79733,64.997,0.86014,136.6,0.82875,71.762,1.1725,76.738,0.78205,92.542,1.0803,68.537,0.90526,86.122,1.1527,49.186,96.403,60.534,123.9,3454.3,3735.1
0.84982,128.29,0.99151,85.741,0.98344,139.54,1.0319,144.7,0.67703,0.78626,0.78767,167.2,0.80718,90.653,0.88905,68.025,0.88619,92.592,0.8388,65.476,1.0282,99.539,1.0363,61.869,1.027,69.57,81.223,53.205,145.92,1994.9,2275.3
0.78075,78.664,1.0952,60.112,0.9925,67.083,1.0218,84.973,0.71436,0.79176,0.84482,111.01,0.91729,118.95,1.1101,47.097,1.2028,56.205,0.97685,85.608,0.86529,89.929,0.99308,62.737,0.9106,84.053,82.654,38.155,114.16,1721.9,1956.9
0.94453,110.78,0.88026,95.69,1,50,0.85626,163.41,0.86813,0.88185,0.80719,175.15,0.87757,165.9,0.91026,51.091,0.83433,61.517,0.95143,50,1.0982,53.924,0.927,84.999,1.1766,39.352,82.027,43.426,124.99,2264.4,2514.8
0.99781,23.876,0.85912,77.54,1.0721,57.805,0.96948,99.78,0.79776,0.92763,0.75,180,0.85301,84.251,0.80808,50.645,0.99316,50.797,1.0195,66.762,1.0934,99.692,0.94095,58.037,1.1879,59.071,91.216,48.4,128.33,1608.3,1876.2
1.0862,78.801,1.1139,71.959,0.92985,113.32,0.99022,98.884,0.77647,0.78031,0.78745,55.722,0.83494,111.82,0.84932,71.777,1.1563,89.12,1.1928,97.507,1.0505,81.024,0.85,85.546,0.94731,78.852,106.59,63.147,132.1,3856.9,4158.7
1.0072,51.194,0.91642,71.078,1.0601,79.563,1.0742,197.18,0.73968,0.91415,0.83063,95.116,0.90265,74.271,0.96607,36.021,1.1633,79.591,1.0169,99.454,0.93374,91.427,1.1028,37.826,0.98347,27.704,99.896,44.54,114.23,1592,1850.6
1.2319,108.4,1.0636,105.16,1.039,51.747,1.0165,169.52,0.95,0.89018,0.76747,47.275,0.88409,87.551,0.93296,68.747,1.1133,50,0.98729,89.326,0.88671,83.852,1.0531,78.944,0.78491,82.077,150.61,71.572,139.54,5860.6,6222.4
0.89685,97.372,1.1121,61.316,1.1118,125.52,1.0044,116.41,0.65667,0.89389,0.89242,146.1,0.88367,100.42,0.87503,74.487,1.1777,93.272,1.25,74.998,0.94507,44.906,0.87662,63.234,0.96346,90,90.797,33.734,118.96,1920.2,2163.7
1.1066,61.623,0.9466,118.45,0.89967,116.74,1.068,87.414,0.75311,0.77511,0.83837,103.19,0.83376,166.61,1.0649,90.315,0.83423,74.52,0.88755,80.735,1.1447,32.084,0.85829,79.237,0.90022,46.273,134.37,58.853,131.91,6044.4,6369.6
0.97844,59.446,1.0954,89.636,0.86253,60.79,0.98232,186.67,0.95,0.9472,0.81088,145.5,0.8918,119.9,1.0854,47.293,1.1038,80.932,0.82425,97.502,0.99996,39.201,0.85,44.687,0.87689,48.817,116.83,37.016,115.91,1455.4,1725.2
0.86245,79.36,1.0056,52.786,1.0935,109.57,1.1255,164.25,0.65,0.80846,0.75,110.33,0.89618,117.79,1.25,65.804,0.95794,81.623,0.91458,81.779,0.93146,37.286,0.92651,75.148,0.78986,88.479,102.99,45.395,99.791,2897.3,3145.5
0.86129,83.135,1.0986,121.12,0.85,79.848,0.87938,115.3,0.71503,0.93629,0.79013,83.921,0.80054,101.85,0.78092,30,1.0993,50,0.90526,53.436,0.98188,72.594,0.95567,30,0.95816,19.033,103.71,74.127,193.15,1404.2,1775.2
1.0484,50.121,0.99253,136.19,1.0364,146.94,0.88647,132.02,0.65,0.76947,0.91947,89.542,0.85117,90.003,1.057,77.445,1.25,68.218,0.85858,79.649,1.1058,51.831,0.88469,69.676,0.79384,47.597,127.68,50.651,125.03,2040.2,2343.6
0.84353,45.951,1.0837,89.106,1.1421,99.944,1.1272,172.71,0.77276,0.85691,0.80593,62.463,0.84417,137.36,0.80995,56.454,1.1731,100,1.1644,75.909,1.1021,92.142,1.1074,69.945,0.88754,41.096,79.34,61.998,73.4,2707.1,2921.8
1.1363,109.24,1.0636,73.684,1.1133,65.907,1.0714,134.23,0.66573,0.81566,0.91629,108.92,0.83716,161.42,0.92303,80.6,1.1844,68.14,0.78268,62.979,1.0778,98.805,0.98222,37.019,1.25,90,79.339,61.997,73.409,2707.5,2922.2
0.91766,106.4,1.15,83.236,1.0721,131.18,0.88379,74.308,0.85345,0.80607,0.88742,55.591,0.90489,148.11,0.96098,64.446,0.927,64.333,1.24,95.566,1.0971,64.42,1.0273,58.216,0.96019,78.547,85.573,27.373,118.18,2460,2691.1
1.1104,106.95,0.90245,134.12,1.0576,127.36,0.89423,60,0.87404,0.79866,0.92826,161.18,0.86757,106.95,0.96809,76.277,1.0598,83.676,1.0225,94.197,0.86081,49.691,0.99297,92.393,0.9041,21.224,141.89,60.1,135.05,5113.7,5450.8
0.94299,60.884,0.9611,76.03,1.1237,94.5,1.0108,128.08,0.80689,0.83481,0.85005,110.83,0.75769,65.989,0.97524,67.008,0.92087,93.018,0.81194,92.034,1.0204,80.486,0.88361,97.849,0.87443,29.483,174.59,59.984,141.98,2818.2,3194.7
1.023,87.066,1.1046,86.973,1.004,93.576,0.94481,182.57,0.91244,0.76021,0.84136,137.25,0.75008,157.51,1.1714,85.455,1.0394,77.148,1.0566,53.134,0.90832,72.478,0.97405,34.861,0.89214,25.101,172.6,69.494,142.17,3200.7,3585
1.204,135.54,0.89997,103.53,1.0746,91.251,0.94105,124.49,0.74914,0.89724,0.89311,121.22,0.92112,68.924,1.2231,83.556,1.0181,95.164,1.0407,68.274,0.93549,74.225,0.86404,100,1.0613,13.031,143.85,65.218,117.13,5452.3,5778.5
0.75,42.262,1.0885,77.212,0.85538,112.69,1.1197,73.498,0.88807,0.91522,0.86261,93.001,0.82286,95.698,0.98262,91.713,0.974,100,0.77938,60.792,0.93673,45.192,0.91781,85.619,0.8059,71.835,136.25,56.443,132.21,1729.8,2054.7
1.25,78.27,0.90515,110.64,0.97955,67.415,1.1,139.1,0.80921,0.879,0.92164,91.164,0.87196,88.179,1.0312,73.626,1.1565,93.708,1.0229,55.671,0.97101,50.592,0.93342,97.034,0.79882,56.584,149.59,72.01,144.8,5674.9,6041.3
1.2228,116.07,1.0239,98.268,1.0039,94.99,1.0103,200,0.85336,0.75,0.87105,95.324,0.91771,69.576,1.049,53.812,0.97489,99.865,1.1909,89.828,0.89579,53.318,1.0741,72.028,0.93724,47.732,128.43,69.914,124.59,5960.6,6283.5
0.84783,79.724,1.0126,150,0.90456,149.56,1.124,170.3,0.77203,0.79999,0.87517,75.272,0.75,40,1.25,72.123,0.788,99.325,1.2304,61.326,1.0857,42.574,0.87513,90.256,1.1353,29.951,3278.3,53.145,101.48,10469,13902
1.1137,20.266,1.144,96.797,1.0598,103.89,1.0631,79.35,0.81028,0.83474,0.79774,100.85,0.75662,46.549,1.25,42.065,0.94584,57.318,0.86616,58.532,0.94614,58.89,0.85,90.541,0.75259,81.627,190.6,78.161,138.29,3667.3,4074.4
0.87335,118.14,0.98138,74.984,1.1395,141.75,1.1404,144.8,0.7179,0.75076,0.93615,123.36,0.92584,128.09,0.797,71.662,1.0186,88.831,1.1148,94.732,1.001,73.55,0.85185,85.219,1.0558,40.008,71.603,31.925,118.55,4382.6,4604.7
0.94962,33.65,1.0835,150,1.0192,84.122,0.85318,157.63,0.81081,0.88697,0.91457,51.117,0.78036,154.79,1.0153,71.609,1.0202,84.611,0.94692,72.192,0.96799,35.496,1.1397,87.502,0.76982,61.14,174.01,53.162,155.17,1633.5,2015.9
1.0379,129.57,0.97902,135.24,0.9701,102.06,0.904,78.87,0.65,0.8687,0.88703,55.281,0.84711,78.514,1.1953,74.123,0.76715,79.48,1.1693,57.668,0.92053,85.1,1.0499,32.962,0.88665,48.861,132.3,60.343,125.27,4531.8,4849.7
1.156,32.025,0.95407,121.13,0.93885,149.85,0.8923,106.1,0.71495,0.91827,0.8449,128.2,0.80289,165.17,0.96331,55.85,0.84939,58.295,0.84344,53.867,1.0754,49.201,0.85,84.376,0.83729,61.627,156.78,63.144,158.01,7191.5,7569.4
1.0196,99.714,0.92775,68.316,0.9078,60.33,1.0033,127.86,0.78224,0.85636,0.89625,71.796,0.88008,146.54,1.2497,43.949,1.2229,69.152,1.0769,56.545,1.1495,98.815,0.88627,84.674,1.2143,55.138,81.014,743.77,191.29,6180.8,7196.8
0.95627,55.763,1.1038,56.426,1.0373,86.122,0.99123,111.62,0.68907,0.90259,0.90331,147.04,0.89326,141.76,0.75,53.678,0.81679,95.223,1.25,62.698,1.0456,39.195,0.90382,95.039,1.212,10,106.88,38.809,136.05,1594.4,1876.1
0.88377,75.663,0.95454,67.93,1.007,110.59,0.94926,155.81,0.66079,0.83559,0.92413,124.79,0.79864,87.802,1.0439,43.767,1.0521,83.943,1.0902,75.814,1.0565,33.081,0.90867,48.274,1.1176,38.607,103.72,53.896,115.69,1580.7,1854
0.90648,63.08,1.0861,105.75,1.0921,54.712,1.1144,152.48,0.86136,0.88879,0.85951,164.27,0.93362,81.337,0.78736,44.663,0.94832,74.249,1.0469,84.032,0.96222,90.9,1.076,88.138,1.2076,33.569,71.6,39.738,121.29,3033.8,3266.4
0.90911,117.21,1.0966,72.248,0.8733,123.02,0.98612,161.36,0.87543,0.94114,0.76931,101.51,0.93387,131.09,1.0927,89.421,1.1836,72.335,0.86992,75.658,0.86055,38.545,1.0535,41.4,0.90025,43.035,97.155,34.766,108.85,1599.9,1840.6
1.2069,105.12,0.9707,90.529,0.92624,139.78,0.88188,77.855,0.95,0.89975,0.84322,117.17,0.85446,58.372,0.83693,39.911,1.1709,85.304,1.0893,58.144,1.085,99.195,1.1182,84.94,0.84352,39.315,148.94,80.466,143.35,8029.5,8402.3
0.99828,55.649,1.0569,55.825,0.99041,62.591,1.005,157.74,0.7087,0.81213,0.9063,144.25,0.84168,180,0.8809,57.963,0.8107,94.309,0.88367,84.453,0.92074,86.57,1.0978,53.478,0.89252,61.135,125.75,48.396,139.6,1778.2,2091.9
0.86999,32.26,0.94916,148.45,1.0022,110.32,1.0908,127.01,0.80027,0.77167,0.88835,113.75,0.81294,162.39,0.91517,32.44,0.98868,57.637,1.0754,77.662,1.0279,87.186,0.96773,77.698,0.80214,25.119,134.66,42.181,147.41,1800.5,2124.8
0.91166,105.79,1.0602,103.72,1.0436,115.47,0.99358,181.48,0.65,0.8949,0.82527,69.327,0.84948,170.25,1.0533,70.883,0.85546,81.336,1.1424,96.339,0.9469,87.004,1.0065,55.79,0.96114,41.816,113.07,39.918,115.75,1621.1,1889.9
1.1014,81.306,0.96333,121.52,1.0888,129.29,1.0063,142.8,0.86461,0.78219,0.83735,120.43,0.90333,103.16,0.89287,85.405,1.0528,59.622,0.75471,60.66,1.1078,41.919,1.0025,76.707,1.0949,46.378,80.277,55.406,110.57,3149.3,3395.5
1.0332,77.473,1.0853,77.608,0.93546,114.29,0.95447,118.9,0.69303,0.79728,0.8593,68.681,0.86733,141.6,0.81165,68.137,1.0314,59.776,1.0133,85.729,0.96389,37.331,1.0896,32.483,1.1099,59.484,98.376,56.824,127.37,2368.6,2651.1
0.92355,92.149,0.89921,127.45,1.0772,137.03,0.88351,95.056,0.8188,0.78389,0.79657,66.988,0.8794,45.626,1.103,72.612,1.1368,50,1.1127,95.74,0.91248,74.238,1.0517,30,0.80556,22.404,155.53,54.001,138.83,1888.8,2237.2
1.062,99.269,0.90182,58.267,1.0022,145.76,1.0598,161.74,0.84682,0.94101,0.75,57.792,0.86101,104.38,1.0059,88.506,0.87503,64.487,1.1731,87.424,1.097,44.946,0.98551,65.625,0.92093,85.464,109.84,55.41,119.69,3737.8,4022.7
1.072,64.107,1.0311,98.385,0.99221,60.873,1.0308,70.398,0.83008,0.88765,0.93381,63.715,0.84716,136.47,0.75144,47.193,1.0271,78.473,0.84434,92.555,0.9361,78.531,1.1146,33.438,1.1648,61.869,120.91,66.581,130.8,3257.9,3576.2
0.85394,42.769,0.92385,150,1.1091,118.92,0.90634,147.71,0.71355,0.90524,0.86895,73.047,0.75383,105.09,1.2298,84.22,0.90186,69.119,1.1716,81.877,1.0734,38.537,0.87473,46.476,1.073,90,86.686,52.276,95.036,2646.3,2880.3
1.1024,131.92,0.92433,50,0.88607,120.05,1.0939,184.01,0.80266,0.85469,0.80828,71.702,0.81027,78.7,1.141,83.029,1.1499,53.193,0.78181,92.815,1.0442,50.57,0.96412,51.732,0.89055,46.555,154.71,85.364,144.84,6111.6,6496.5
0.77631,66.21,1.0279,144.18,0.91794,93.197,0.95084,148.03,0.72158,0.79101,0.7578,84.791,0.90572,86.186,0.75,40.728,1.2226,66.211,1.1796,96.36,0.87981,30,1.0648,66.825,0.75391,28.136,113.11,34.931,167.15,2105.2,2420.4
0.75,95.511,0.89844,131.35,0.92825,92.288,1.1089,71.029,0.79646,0.837,0.78553,180,0.8781,98.955,1.0896,31.046,1.1647,95.176,1.0405,58.633,1.0132,39.974,0.88111,51.319,0.89171,10,123.58,41.89,131.39,3572.2,3869
0.8198,24.392,0.85,67.017,0.95134,97.357,1.0973,148.97,0.74947,0.76277,0.91649,163.3,0.90975,97.434,0.93665,92.442,0.86973,87.466,1.1715,75.877,1.1335,82.946,0.98354,59.628,0.79625,51.722,99.587,32.553,139.65,3174.9,3446.7
1.0592,126.39,0.90635,59.357,1.0449,89.043,0.85,82.613,0.69892,0.76376,0.86434,153.62,0.81498,75.776,1.0357,54.964,1.099,69.484,1.1339,57.385,0.90222,51.732,0.98212,47.37,1.0627,76.752,102.49,63.075,122.37,2972.6,3260.5
1.126,140,1.0439,50,0.98587,143.38,0.94814,60,0.78006,0.90478,0.85364,155.94,0.89553,126.74,0.88989,84.977,1.1247,75.772,1.1039,75.782,0.89112,81.745,0.98926,73.143,1.1029,87.864,90.24,65.347,112.06,4083,4350.6
0.77899,118.51,1.06,130.24,1.1101,57.206,1.0965,62.905,0.66365,0.93493,0.88509,81.509,0.82312,128.31,0.86402,63.815,0.88548,90.361,1.0267,95.365,0.91712,67.249,0.93554,55.816,0.99319,57.217,93.884,47.455,132.29,2070.5,2344.2
1.1925,29.823,0.9513,97.414,0.90153,118.73,0.86408,125.35,0.84383,0.82285,0.8,40.79,0.93322,60.883,1.1128,81.685,1.1703,69.275,0.76761,87.688,1.073,75.921,1.1029,90.666,1.2005,23.686,100.22,59.251,110.07,5106.7,5376.3
1.0651,87.792,0.88588,63.382,1.1087,111.14,1.1169,65.209,0.83975,0.77762,0.89208,124.29,0.88734,108.03,1.25,91.481,1.1094,70.605,0.90647,100,0.85317,42.32,0.85,38.513,0.79916,48.322,119.92,51.869,108.6,3215.7,3496
0.85588,42.511,0.95194,126.49,0.91466,64.813,1.0374,164.35,0.86324,0.85846,0.87818,128.96,0.88493,63.358,0.95083,61.422,1.1239,64.301,0.84382,70.555,1.0404,32.071,1.0089,83.637,1.1119,73.294,69.707,54.92,137.24,2227.4,2489.2
1.18,38.532,0.94294,89.204,1.1173,83.586,1.1129,79.392,0.68869,0.84378,0.78062,47.332,0.82932,172.5,0.95158,64.522,0.78606,86.292,1.006,78.417,1.0259,82.232,0.85518,61.208,0.99241,60.273,110.43,58.108,126.04,4762.2,5056.8
0.75,100.39,0.88189,142.72,0.85064,64.344,0.88029,172.92,0.91369,0.77124,0.75,40,0.78208,102.16,0.89946,62.614,0.75,58.693,1.1503,55.09,1.1157,69.297,0.93871,46.61,0.85179,58.316,109.19,74.803,228.68,3820.8,4233.5
1.1317,121.78,1.0494,102.12,0.85021,51.95,1.15,84.221,0.65,0.79387,0.93636,117.78,0.82629,165.83,0.88975,48.077,0.8974,62.598,1.2253,50.334,0.91658,55.251,1.1348,86.132,1.1822,32.588,80.334,73.143,123.7,3553.2,3830.4
1.2389,44.088,0.88213,91.334,0.9859,83.879,0.85519,197.63,0.90969,0.82523,0.90041,160.35,0.84101,109.85,0.82431,38.889,0.89617,66.375,0.75164,78.88,0.87105,93.658,0.93185,30,0.8773,68.696,147.53,78.077,142.49,7054.2,7422.3
1.1815,89.533,1.1023,90.531,0.91726,80.805,1.0605,123.68,0.73342,0.82913,0.88258,51.193,0.91368,152.93,0.79959,86.481,0.86994,96.926,1.176,60.962,1.081,85.705,0.9882,97.891,1.1422,33.537,87.036,59.352,110.15,4119.5,4376.1
1.075,69.14,0.92272,111.78,1.0643,120.91,1.0346,115.38,0.91936,0.81574,0.87227,86.184,0.78731,148.56,0.88279,36.8,1.0644,74.362,1.1031,79.02,0.87717,62.741,0.86089,76.747,0.95319,13.163,162.97,65.964,142.8,3233.9,3605.6
0.97204,114.13,1.1151,96.15,0.90304,110.16,0.88281,86.53,0.7312,0.93553,0.89437,102.76,0.87199,61.062,0.79867,68.849,1.111,99.212,0.95952,95.862,1.0918,32.673,1.0188,60.433,1.002,89.831,98.01,62.725,142.63,1440.4,1743.8
0.82358,130.15,0.88614,86.785,1.0074,150,1.0178,100.46,0.73135,0.84261,0.88514,163.79,0.91754,134.87,0.78571,30,0.92954,74.512,1.1158,57.369,0.85,66.371,0.86336,46.032,0.93271,55.352,88.776,33.064,154.25,1444.1,1720.1
1.0424,43.081,1.0116,62.992,0.86836,60.128,0.98219,191.87,0.66876,0.82628,0.9326,64.794,0.7808,166.4,1.1427,94.994,0.97344,59.725,1.1612,63.749,0.92632,72.395,1.11,88.034,1.1874,45.617,98.964,61.483,116.25,2980.6,3257.3
0.77213,91.974,1.1332,103.04,0.85,120.82,0.89872,60,0.81768,0.75,0.78213,127.47,0.77085,168.01,1.1665,68.251,1.0287,89.107,1.1046,78.747,1.0947,52.184,1.1172,40.374,0.76983,61.832,166.96,57.953,147.52,2634.5,3006.9
1.2032,128.05,1.0873,50,0.98606,91.409,1.0422,84.671,0.79632,0.95,0.84986,162.73,0.77499,99.424,0.81268,58.558,0.88811,56.775,1.1943,68.657,1.1448,63.226,0.90241,69.943,1.1216,10.507,131.77,81.314,151.85,4806,5171
1.0332,73.659,1.0319,90.884,1.0956,79.231,0.90132,158.85,0.74123,0.86892,0.92142,175.02,0.77932,121.09,0.79531,50.404,1.0989,95.599,1.228,85.655,0.96544,90.962,1.064,51.791,0.9699,24.7,127.54,59.156,143.96,2741.3,3072
1.0835,136.01,1.0839,93.922,0.91045,125.41,1.0626,116.63,0.76375,0.7541,0.75155,121.17,0.88774,148.34,1.0445,80.437,1.1498,94.436,1.193,61.273,1.0709,48.386,1.0639,62.505,1.2278,67.484,79.338,61.996,73.4,2707,2921.7
1.144,48.436,1.0647,84.008,0.96586,114.77,1.0874,179.29,0.7923,0.83344,0.87269,155.88,0.9265,129.28,1.1137,80.079,1.1608,100,0.99403,94.076,0.95974,53.703,1.0794,45.45,0.93681,75.459,97.758,45.801,108.3,4288.4,4540.3
0.92343,71.984,0.89169,73.164,1.073,77.639,1.0002,162.75,0.75167,0.75,0.89197,144.35,0.91803,166.14,1.2486,78.938,0.91926,63.384,1.1929,50.412,1.0308,69.512,1.002,70.507,1.0509,29.609,88.124,43.437,100.88,3399.8,3632.2
0.79866,20,1.15,59.718,1.1237,55.494,1.0751,135.74,0.65213,0.77965,0.86971,64.075,0.82119,128.98,0.85137,78.325,0.97145,66.798,0.8232,50.286,0.97557,44.479,1.0041,36.068,0.9725,49.983,93.037,48.343,132.91,2044.8,2319
1.0132,87.232,1.15,85.13,1.1212,131.45,1.096,113.04,0.79401,0.84354,0.7758,173.95,0.85288,129.62,1.0073,30,1.2221,59.138,1.0231,82.425,0.89893,50.028,0.9573,62.556,1.0394,67.441,82.778,44.56,107.61,2510.4,2745.3
