  0.00000	 -0.86225	  0.00000	 54.90569	  0.00000	-44.12440	  0.00000	-100.49200	  0.00000	 48.39719	  0.00000	-49.73630	  0.00000	  5.68675	  0.00000	-44.87810	  0.00000	-44.66600	  0.00000	 -6.42675	  0.00000	 53.99859	  0.00000	 55.71648	  0.00000	 -2.57685	  0.00000	 55.06781	  0.00000	-21.80432	  0.00000	-102.45203	  0.00000	 52.32991	  0.00000	-25.99197	  0.00000	  0.62354	  0.00000	-44.22755	  0.00000	-33.21446	  0.00000	 -6.42255	  0.00000	 43.53794	  0.00000	 77.45432	
  0.02000	 -0.86225	  0.02000	 54.90569	  0.02000	-44.12440	  0.02000	-100.49200	  0.02000	 48.39719	  0.02000	-49.73630	  0.02000	  5.68675	  0.02000	-44.87810	  0.02000	-44.66600	  0.02000	 -6.42675	  0.02000	 53.99859	  0.02000	 55.71648	  0.02000	 -4.23531	  0.02000	 57.01748	  0.02000	-22.52652	  0.02000	-103.97408	  0.02000	 56.32425	  0.02000	-29.72233	  0.02000	 -2.90597	  0.02000	-42.58298	  0.02000	-31.35722	  0.02000	-11.34109	  0.02000	 48.11425	  0.02000	 76.82258	
  0.04000	 -0.86225	  0.04000	 54.90569	  0.04000	-44.12440	  0.04000	-100.49200	  0.04000	 48.39719	  0.04000	-49.73630	  0.04000	  5.68675	  0.04000	-44.87810	  0.04000	-44.66600	  0.04000	 -6.42675	  0.04000	 53.99859	  0.04000	 55.71648	  0.04000	 -4.14716	  0.04000	 56.95482	  0.04000	-22.61302	  0.04000	-103.84518	  0.04000	 54.68391	  0.04000	-30.04475	  0.04000	 -1.43286	  0.04000	-42.83283	  0.04000	-28.53419	  0.04000	-11.42858	  0.04000	 50.84985	  0.04000	 76.93452	
  0.06000	 -0.86225	  0.06000	 54.90569	  0.06000	-44.12440	  0.06000	-100.49200	  0.06000	 48.39719	  0.06000	-49.73630	  0.06000	  5.68675	  0.06000	-44.87810	  0.06000	-44.66600	  0.06000	 -6.42675	  0.06000	 53.99859	  0.06000	 55.71648	  0.06000	 -4.23533	  0.06000	 57.02892	  0.06000	-22.68420	  0.06000	-103.89067	  0.06000	 53.54689	  0.06000	-30.21891	  0.06000	 -0.51635	  0.06000	-42.85602	  0.06000	-25.71252	  0.06000	-11.65586	  0.06000	 53.73083	  0.06000	 76.98557	
  0.08000	 -0.86225	  0.08000	 54.90569	  0.08000	-44.12440	  0.08000	-100.49200	  0.08000	 48.39719	  0.08000	-49.73630	  0.08000	  5.68675	  0.08000	-44.87810	  0.08000	-44.66600	  0.08000	 -6.42675	  0.08000	 53.99859	  0.08000	 55.71648	  0.08000	 -4.35039	  0.08000	 57.05808	  0.08000	-22.72100	  0.08000	-103.93961	  0.08000	 52.20015	  0.08000	-30.36766	  0.08000	  0.53124	  0.08000	-42.82262	  0.08000	-22.84487	  0.08000	-11.98185	  0.08000	 56.56145	  0.08000	 76.98616	
  0.10000	 -0.86225	  0.10000	 54.90569	  0.10000	-44.12440	  0.10000	-100.49200	  0.10000	 48.39719	  0.10000	-49.73630	  0.10000	  5.68675	  0.10000	-44.87810	  0.10000	-44.66600	  0.10000	 -6.42675	  0.10000	 53.99859	  0.10000	 55.71648	  0.10000	 -4.47671	  0.10000	 57.11171	  0.10000	-22.74356	  0.10000	-103.98281	  0.10000	 50.91843	  0.10000	-30.50649	  0.10000	  1.51695	  0.10000	-42.66985	  0.10000	-19.96546	  0.10000	-12.39469	  0.10000	 59.41080	  0.10000	 76.91599	
  0.12000	 -0.86225	  0.12000	 54.90569	  0.12000	-44.12440	  0.12000	-100.49200	  0.12000	 48.39719	  0.12000	-49.73630	  0.12000	  5.68675	  0.12000	-44.87810	  0.12000	-44.66600	  0.12000	 -6.42675	  0.12000	 53.99859	  0.12000	 55.71648	  0.12000	 -4.61115	  0.12000	 57.16849	  0.12000	-22.75562	  0.12000	-104.01702	  0.12000	 49.64156	  0.12000	-30.62342	  0.12000	  2.48008	  0.12000	-42.41808	  0.12000	-17.07833	  0.12000	-12.87369	  0.12000	 62.25411	  0.12000	 76.77262	
  0.14000	 -0.86225	  0.14000	 54.90569	  0.14000	-44.12440	  0.14000	-100.49200	  0.14000	 48.39719	  0.14000	-49.73630	  0.14000	  5.68675	  0.14000	-44.87810	  0.14000	-44.66600	  0.14000	 -6.42675	  0.14000	 53.99859	  0.14000	 55.71648	  0.14000	 -4.74368	  0.14000	 57.20147	  0.14000	-22.75752	  0.14000	-104.02954	  0.14000	 48.29955	  0.14000	-30.70469	  0.14000	  3.47252	  0.14000	-42.09095	  0.14000	-14.18367	  0.14000	-13.39780	  0.14000	 65.06112	  0.14000	 76.55681	
  0.16000	 -0.86225	  0.16000	 54.90569	  0.16000	-44.12440	  0.16000	-100.49200	  0.16000	 48.39719	  0.16000	-49.73630	  0.16000	  5.68675	  0.16000	-44.87810	  0.16000	-44.66600	  0.16000	 -6.42675	  0.16000	 53.99859	  0.16000	 55.71648	  0.16000	 -4.82680	  0.16000	 57.22039	  0.16000	-22.75959	  0.16000	-104.00019	  0.16000	 47.13862	  0.16000	-30.70189	  0.16000	  4.31206	  0.16000	-41.70037	  0.16000	-11.30687	  0.16000	-13.83796	  0.16000	 67.85258	  0.16000	 76.26444	
  0.18000	 -0.86225	  0.18000	 54.90569	  0.18000	-44.12440	  0.18000	-100.49200	  0.18000	 48.39719	  0.18000	-49.73630	  0.18000	  5.68675	  0.18000	-44.87810	  0.18000	-44.66600	  0.18000	 -6.42675	  0.18000	 53.99859	  0.18000	 55.71648	  0.18000	 -4.86870	  0.18000	 57.29775	  0.18000	-22.77093	  0.18000	-103.95818	  0.18000	 46.37391	  0.18000	-30.64665	  0.18000	  4.85249	  0.18000	-41.19540	  0.18000	 -8.46710	  0.18000	-14.18821	  0.18000	 70.70568	  0.18000	 75.88696	
  0.20000	 -0.86225	  0.20000	 54.90569	  0.20000	-44.12440	  0.20000	-100.49200	  0.20000	 48.39719	  0.20000	-49.73630	  0.20000	  5.68675	  0.20000	-44.87810	  0.20000	-44.66600	  0.20000	 -6.42675	  0.20000	 53.99859	  0.20000	 55.71648	  0.20000	 -4.88154	  0.20000	 57.48622	  0.20000	-22.79746	  0.20000	-103.93209	  0.20000	 46.14155	  0.20000	-30.56727	  0.20000	  5.00284	  0.20000	-40.54028	  0.20000	 -5.67712	  0.20000	-14.44018	  0.20000	 73.67596	  0.20000	 75.41928	
  0.22000	 -0.86225	  0.22000	 54.90569	  0.22000	-44.12440	  0.22000	-100.49200	  0.22000	 48.39719	  0.22000	-49.73630	  0.22000	  5.68675	  0.22000	-44.87810	  0.22000	-44.66600	  0.22000	 -6.42675	  0.22000	 53.99859	  0.22000	 55.71648	  0.22000	 -4.87297	  0.22000	 57.77755	  0.22000	-22.83252	  0.22000	-103.92541	  0.22000	 46.35859	  0.22000	-30.46832	  0.22000	  4.83455	  0.22000	-39.73951	  0.22000	 -2.92804	  0.22000	-14.59199	  0.22000	 76.75211	  0.22000	 74.86861	
  0.24000	 -0.86225	  0.24000	 54.90569	  0.24000	-44.12440	  0.24000	-100.49200	  0.24000	 48.39719	  0.24000	-49.73630	  0.24000	  5.68675	  0.24000	-44.87810	  0.24000	-44.66600	  0.24000	 -6.42675	  0.24000	 53.99859	  0.24000	 55.71648	  0.24000	 -4.84188	  0.24000	 58.16221	  0.24000	-22.87205	  0.24000	-103.93769	  0.24000	 47.01598	  0.24000	-30.34644	  0.24000	  4.35590	  0.24000	-38.80263	  0.24000	 -0.21763	  0.24000	-14.61446	  0.24000	 79.92423	  0.24000	 74.24084	
  0.26000	 -0.86225	  0.26000	 54.90569	  0.26000	-44.12440	  0.26000	-100.49200	  0.26000	 48.39719	  0.26000	-49.73630	  0.26000	  5.68675	  0.26000	-44.87810	  0.26000	-44.66600	  0.26000	 -6.42675	  0.26000	 53.99859	  0.26000	 55.71648	  0.26000	 -4.77697	  0.26000	 58.58598	  0.26000	-22.91154	  0.26000	-103.93650	  0.26000	 47.88253	  0.26000	-30.18525	  0.26000	  3.76143	  0.26000	-37.76253	  0.26000	  2.46683	  0.26000	-14.50138	  0.26000	 83.12991	  0.26000	 73.54071	
  0.28000	 -0.86225	  0.28000	 54.90569	  0.28000	-44.12440	  0.28000	-100.49200	  0.28000	 48.39719	  0.28000	-49.73630	  0.28000	  5.68675	  0.28000	-44.87810	  0.28000	-44.66600	  0.28000	 -6.42675	  0.28000	 53.99859	  0.28000	 55.71648	  0.28000	 -4.66289	  0.28000	 58.98381	  0.28000	-22.94583	  0.28000	-103.88461	  0.28000	 48.68726	  0.28000	-29.95403	  0.28000	  3.27876	  0.28000	-36.66187	  0.28000	  5.14039	  0.28000	-14.25777	  0.28000	 86.29478	  0.28000	 72.77278	
  0.30000	 -0.86225	  0.30000	 54.90569	  0.30000	-44.12440	  0.30000	-100.49200	  0.30000	 48.39719	  0.30000	-49.73630	  0.30000	  5.68675	  0.30000	-44.87810	  0.30000	-44.66600	  0.30000	 -6.42675	  0.30000	 53.99859	  0.30000	 55.71648	  0.30000	 -4.53668	  0.30000	 59.42836	  0.30000	-22.98523	  0.30000	-103.83669	  0.30000	 49.72326	  0.30000	-29.72332	  0.30000	  2.64885	  0.30000	-35.45060	  0.30000	  7.77763	  0.30000	-13.91521	  0.30000	 89.49161	  0.30000	 71.92656	
  0.32000	 -0.86225	  0.32000	 54.90569	  0.32000	-44.12440	  0.32000	-100.49200	  0.32000	 48.39719	  0.32000	-49.73630	  0.32000	  5.68675	  0.32000	-44.87810	  0.32000	-44.66600	  0.32000	 -6.42675	  0.32000	 53.99859	  0.32000	 55.71648	  0.32000	 -4.38158	  0.32000	 59.85955	  0.32000	-23.02389	  0.32000	-103.75399	  0.32000	 50.70883	  0.32000	-29.46370	  0.32000	  2.11116	  0.32000	-34.16722	  0.32000	 10.39483	  0.32000	-13.49472	  0.32000	 92.65030	  0.32000	 71.00654	
  0.34000	 -0.86225	  0.34000	 54.90569	  0.34000	-44.12440	  0.34000	-100.49200	  0.34000	 48.39719	  0.34000	-49.73630	  0.34000	  5.68675	  0.34000	-44.87810	  0.34000	-44.66600	  0.34000	 -6.42675	  0.34000	 53.99859	  0.34000	 55.71648	  0.34000	 -4.22655	  0.34000	 60.30402	  0.34000	-23.06989	  0.34000	-103.67192	  0.34000	 51.76628	  0.34000	-29.21871	  0.34000	  1.53757	  0.34000	-32.79526	  0.34000	 12.97593	  0.34000	-13.02849	  0.34000	 95.79536	  0.34000	 70.00478	
  0.36000	 -0.86225	  0.36000	 54.90569	  0.36000	-44.12440	  0.36000	-100.49200	  0.36000	 48.39719	  0.36000	-49.73630	  0.36000	  5.68675	  0.36000	-44.87810	  0.36000	-44.66600	  0.36000	 -6.42675	  0.36000	 53.99859	  0.36000	 55.71648	  0.36000	 -4.06580	  0.36000	 60.76415	  0.36000	-23.12226	  0.36000	-103.58502	  0.36000	 52.91202	  0.36000	-28.98336	  0.36000	  0.92495	  0.36000	-31.33325	  0.36000	 15.51921	  0.36000	-12.49784	  0.36000	 98.92717	  0.36000	 68.92386	
  0.38000	 -0.86225	  0.38000	 54.90569	  0.38000	-44.12440	  0.38000	-100.49200	  0.38000	 48.39719	  0.38000	-49.73630	  0.38000	  5.68675	  0.38000	-44.87810	  0.38000	-44.66600	  0.38000	 -6.42675	  0.38000	 53.99859	  0.38000	 55.71648	  0.38000	 -3.87267	  0.38000	 61.20915	  0.38000	-23.17865	  0.38000	-103.46346	  0.38000	 54.07461	  0.38000	-28.73346	  0.38000	  0.34933	  0.38000	-29.80854	  0.38000	 18.02762	  0.38000	-11.86835	  0.38000	102.01212	  0.38000	 67.76743	
  0.40000	 -0.86225	  0.40000	 54.90569	  0.40000	-44.12440	  0.40000	-100.49200	  0.40000	 48.39719	  0.40000	-49.73630	  0.40000	  5.68675	  0.40000	-44.87810	  0.40000	-44.66600	  0.40000	 -6.42675	  0.40000	 53.99859	  0.40000	 55.71648	  0.40000	 -3.68633	  0.40000	 61.67072	  0.40000	-23.24594	  0.40000	-103.34456	  0.40000	 55.29922	  0.40000	-28.51133	  0.40000	 -0.25193	  0.40000	-28.19198	  0.40000	 20.49079	  0.40000	-11.20457	  0.40000	105.07697	  0.40000	 66.52809	
  0.42000	 -0.86225	  0.42000	 54.90569	  0.42000	-44.12440	  0.42000	-100.49200	  0.42000	 48.39719	  0.42000	-49.73630	  0.42000	  5.68675	  0.42000	-44.87810	  0.42000	-44.66600	  0.42000	 -6.42675	  0.42000	 53.99859	  0.42000	 55.71648	  0.42000	 -3.48984	  0.42000	 62.14701	  0.42000	-23.32051	  0.42000	-103.21349	  0.42000	 56.63760	  0.42000	-28.31286	  0.42000	 -0.90730	  0.42000	-26.48866	  0.42000	 22.90772	  0.42000	-10.46169	  0.42000	108.11839	  0.42000	 65.21214	
  0.44000	 -0.86225	  0.44000	 54.90569	  0.44000	-44.12440	  0.44000	-100.49200	  0.44000	 48.39719	  0.44000	-49.73630	  0.44000	  5.68675	  0.44000	-44.87810	  0.44000	-44.66600	  0.44000	 -6.42675	  0.44000	 53.99859	  0.44000	 55.71648	  0.44000	 -3.27461	  0.44000	 62.62463	  0.44000	-23.40333	  0.44000	-103.05882	  0.44000	 58.04923	  0.44000	-28.12154	  0.44000	 -1.57193	  0.44000	-24.70973	  0.44000	 25.27739	  0.44000	 -9.62252	  0.44000	111.11977	  0.44000	 63.82011	
  0.46000	 -0.86225	  0.46000	 54.90569	  0.46000	-44.12440	  0.46000	-100.49200	  0.46000	 48.39719	  0.46000	-49.73630	  0.46000	  5.68675	  0.46000	-44.87810	  0.46000	-44.66600	  0.46000	 -6.42675	  0.46000	 53.99859	  0.46000	 55.71648	  0.46000	 -3.03783	  0.46000	 63.11108	  0.46000	-23.49605	  0.46000	-102.87792	  0.46000	 59.61233	  0.46000	-27.94539	  0.46000	 -2.30221	  0.46000	-22.85048	  0.46000	 27.59279	  0.46000	 -8.64997	  0.46000	114.08531	  0.46000	 62.35344	
  0.48000	 -0.86225	  0.48000	 54.90569	  0.48000	-44.12440	  0.48000	-100.49200	  0.48000	 48.39719	  0.48000	-49.73630	  0.48000	  5.68675	  0.48000	-44.87810	  0.48000	-44.66600	  0.48000	 -6.42675	  0.48000	 53.99859	  0.48000	 55.71648	  0.48000	 -2.77692	  0.48000	 63.61837	  0.48000	-23.59888	  0.48000	-102.66465	  0.48000	 61.37461	  0.48000	-27.78093	  0.48000	 -3.11627	  0.48000	-20.89815	  0.48000	 29.85059	  0.48000	 -7.51066	  0.48000	117.02181	  0.48000	 60.81479	
  0.50000	 -0.86225	  0.50000	 54.90569	  0.50000	-44.12440	  0.50000	-100.49200	  0.50000	 48.39719	  0.50000	-49.73630	  0.50000	  5.68675	  0.50000	-44.87810	  0.50000	-44.66600	  0.50000	 -6.42675	  0.50000	 53.99859	  0.50000	 55.71648	  0.50000	 -2.46604	  0.50000	 64.10210	  0.50000	-23.70860	  0.50000	-102.38689	  0.50000	 63.15002	  0.50000	-27.58181	  0.50000	 -3.83703	  0.50000	-18.89173	  0.50000	 32.06009	  0.50000	 -6.21149	  0.50000	119.87952	  0.50000	 59.20615	
  0.52000	 -0.86225	  0.52000	 54.90569	  0.52000	-44.12440	  0.52000	-100.49200	  0.52000	 48.39719	  0.52000	-49.73630	  0.52000	  5.68675	  0.52000	-44.87810	  0.52000	-44.66600	  0.52000	 -6.42675	  0.52000	 53.99859	  0.52000	 55.71648	  0.52000	 -2.16043	  0.52000	 64.60676	  0.52000	-23.82909	  0.52000	-102.09515	  0.52000	 65.02367	  0.52000	-27.42938	  0.52000	 -4.59105	  0.52000	-16.78927	  0.52000	 34.21210	  0.52000	 -4.84891	  0.52000	122.69734	  0.52000	 57.52361	
  0.54000	 -0.86225	  0.54000	 54.90569	  0.54000	-44.12440	  0.54000	-100.49200	  0.54000	 48.39719	  0.54000	-49.73630	  0.54000	  5.68675	  0.54000	-44.87810	  0.54000	-44.66600	  0.54000	 -6.42675	  0.54000	 53.99859	  0.54000	 55.71648	  0.54000	 -1.78323	  0.54000	 65.09487	  0.54000	-23.95511	  0.54000	-101.71066	  0.54000	 67.04389	  0.54000	-27.24063	  0.54000	 -5.31961	  0.54000	-14.62862	  0.54000	 36.30815	  0.54000	 -3.22798	  0.54000	125.43034	  0.54000	 55.77912	
  0.56000	 -0.86225	  0.56000	 54.90569	  0.56000	-44.12440	  0.56000	-100.49200	  0.56000	 48.39719	  0.56000	-49.73630	  0.56000	  5.68675	  0.56000	-44.87810	  0.56000	-44.66600	  0.56000	 -6.42675	  0.56000	 53.99859	  0.56000	 55.71648	  0.56000	 -1.35557	  0.56000	 65.58231	  0.56000	-24.09342	  0.56000	-101.24479	  0.56000	 69.26716	  0.56000	-27.03438	  0.56000	 -6.07017	  0.56000	-12.39259	  0.56000	 38.33807	  0.56000	 -1.34824	  0.56000	128.08304	  0.56000	 53.96849	
  0.58000	 -0.86225	  0.58000	 54.90569	  0.58000	-44.12440	  0.58000	-100.49200	  0.58000	 48.39719	  0.58000	-49.73630	  0.58000	  5.68675	  0.58000	-44.87810	  0.58000	-44.66600	  0.58000	 -6.42675	  0.58000	 53.99859	  0.58000	 55.71648	  0.58000	 -0.90107	  0.58000	 66.07481	  0.58000	-24.23791	  0.58000	-100.71791	  0.58000	 71.53927	  0.58000	-26.84998	  0.58000	 -6.75917	  0.58000	-10.07569	  0.58000	 40.31274	  0.58000	  0.63719	  0.58000	130.65997	  0.58000	 52.09291	
  0.60000	 -0.86225	  0.60000	 54.90569	  0.60000	-44.12440	  0.60000	-100.49200	  0.60000	 48.39719	  0.60000	-49.73630	  0.60000	  5.68675	  0.60000	-44.87810	  0.60000	-44.66600	  0.60000	 -6.42675	  0.60000	 53.99859	  0.60000	 55.71648	  0.60000	 -0.43948	  0.60000	 66.57932	  0.60000	-24.39335	  0.60000	-100.14610	  0.60000	 73.88350	  0.60000	-26.70023	  0.60000	 -7.42024	  0.60000	 -7.67194	  0.60000	 42.22513	  0.60000	  2.71359	  0.60000	133.16312	  0.60000	 50.14964	
  0.62000	 -0.86225	  0.62000	 54.90569	  0.62000	-44.12440	  0.62000	-100.49200	  0.62000	 48.39719	  0.62000	-49.73630	  0.62000	  5.68675	  0.62000	-44.87810	  0.62000	-44.66600	  0.62000	 -6.42675	  0.62000	 53.99859	  0.62000	 55.71648	  0.62000	  0.10766	  0.62000	 67.02512	  0.62000	-24.54910	  0.62000	-99.44665	  0.62000	 76.25494	  0.62000	-26.50713	  0.62000	 -7.94357	  0.62000	 -5.25639	  0.62000	 44.08444	  0.62000	  5.02712	  0.62000	135.51013	  0.62000	 48.15307	
  0.64000	 -0.86225	  0.64000	 54.90569	  0.64000	-44.12440	  0.64000	-100.49200	  0.64000	 48.39719	  0.64000	-49.73630	  0.64000	  5.68675	  0.64000	-44.87810	  0.64000	-44.66600	  0.64000	 -6.42675	  0.64000	 53.99859	  0.64000	 55.71648	  0.64000	  0.58715	  0.64000	 67.52061	  0.64000	-24.71707	  0.64000	-98.78410	  0.64000	 78.58768	  0.64000	-26.43670	  0.64000	 -8.45753	  0.64000	 -2.72140	  0.64000	 45.88219	  0.64000	  7.19251	  0.64000	137.83124	  0.64000	 46.08399	
  0.66000	 -0.86225	  0.66000	 54.90569	  0.66000	-44.12440	  0.66000	-100.49200	  0.66000	 48.39719	  0.66000	-49.73630	  0.66000	  5.68675	  0.66000	-44.87810	  0.66000	-44.66600	  0.66000	 -6.42675	  0.66000	 53.99859	  0.66000	 55.71648	  0.66000	  1.07056	  0.66000	 68.01348	  0.66000	-24.88806	  0.66000	-98.09509	  0.66000	 80.81930	  0.66000	-26.39435	  0.66000	 -8.83064	  0.66000	 -0.12948	  0.66000	 47.62749	  0.66000	  9.33033	  0.66000	140.07285	  0.66000	 43.95399	
  0.68000	 -0.86225	  0.68000	 54.90569	  0.68000	-44.12440	  0.68000	-100.49200	  0.68000	 48.39719	  0.68000	-49.73630	  0.68000	  5.68675	  0.68000	-44.87810	  0.68000	-44.66600	  0.68000	 -6.42675	  0.68000	 53.99859	  0.68000	 55.71648	  0.68000	  1.50235	  0.68000	 68.50275	  0.68000	-25.07063	  0.68000	-97.43637	  0.68000	 82.97015	  0.68000	-26.45183	  0.68000	 -9.18419	  0.68000	  2.52155	  0.68000	 49.30867	  0.68000	 11.35176	  0.68000	142.23997	  0.68000	 41.75612	
  0.70000	 -0.86225	  0.70000	 54.90569	  0.70000	-44.12440	  0.70000	-100.49200	  0.70000	 48.39719	  0.70000	-49.73630	  0.70000	  5.68675	  0.70000	-44.87810	  0.70000	-44.66600	  0.70000	 -6.42675	  0.70000	 53.99859	  0.70000	 55.71648	  0.70000	  1.88405	  0.70000	 69.00660	  0.70000	-25.26158	  0.70000	-96.82326	  0.70000	 84.98258	  0.70000	-26.57288	  0.70000	 -9.44915	  0.70000	  5.23867	  0.70000	 50.93037	  0.70000	 13.22025	  0.70000	144.36192	  0.70000	 39.49234	
  0.72000	 -0.86225	  0.72000	 54.90569	  0.72000	-44.12440	  0.72000	-100.49200	  0.72000	 48.39719	  0.72000	-49.73630	  0.72000	  5.68675	  0.72000	-44.87810	  0.72000	-44.66600	  0.72000	 -6.42675	  0.72000	 53.99859	  0.72000	 55.71648	  0.72000	  2.25756	  0.72000	 69.51437	  0.72000	-25.46341	  0.72000	-96.20397	  0.72000	 86.94330	  0.72000	-26.74533	  0.72000	 -9.64382	  0.72000	  8.01315	  0.72000	 52.48503	  0.72000	 15.05472	  0.72000	146.41585	  0.72000	 37.16565	
  0.74000	 -0.86225	  0.74000	 54.90569	  0.74000	-44.12440	  0.74000	-100.49200	  0.74000	 48.39719	  0.74000	-49.73630	  0.74000	  5.68675	  0.74000	-44.87810	  0.74000	-44.66600	  0.74000	 -6.42675	  0.74000	 53.99859	  0.74000	 55.71648	  0.74000	  2.56530	  0.74000	 70.02410	  0.74000	-25.67807	  0.74000	-95.64840	  0.74000	 88.79633	  0.74000	-27.00322	  0.74000	 -9.82149	  0.74000	 10.84084	  0.74000	 53.97060	  0.74000	 16.73284	  0.74000	148.41383	  0.74000	 34.77303	
  0.76000	 -0.86225	  0.76000	 54.90569	  0.76000	-44.12440	  0.76000	-100.49200	  0.76000	 48.39719	  0.76000	-49.73630	  0.76000	  5.68675	  0.76000	-44.87810	  0.76000	-44.66600	  0.76000	 -6.42675	  0.76000	 53.99859	  0.76000	 55.71648	  0.76000	  2.87175	  0.76000	 70.53474	  0.76000	-25.90373	  0.76000	-95.07849	  0.76000	 90.63083	  0.76000	-27.31120	  0.76000	 -9.95251	  0.76000	 13.72147	  0.76000	 55.38461	  0.76000	 18.40786	  0.76000	150.33704	  0.76000	 32.32193	
  0.78000	 -0.86225	  0.78000	 54.90569	  0.78000	-44.12440	  0.78000	-100.49200	  0.78000	 48.39719	  0.78000	-49.73630	  0.78000	  5.68675	  0.78000	-44.87810	  0.78000	-44.66600	  0.78000	 -6.42675	  0.78000	 53.99859	  0.78000	 55.71648	  0.78000	  3.15596	  0.78000	 71.04290	  0.78000	-26.13833	  0.78000	-94.54571	  0.78000	 92.30779	  0.78000	-27.64608	  0.78000	 -9.96515	  0.78000	 16.63381	  0.78000	 56.73198	  0.78000	 19.95784	  0.78000	152.20607	  0.78000	 29.81021	
  0.80000	 -0.86225	  0.80000	 54.90569	  0.80000	-44.12440	  0.80000	-100.49200	  0.80000	 48.39719	  0.80000	-49.73630	  0.80000	  5.68675	  0.80000	-44.87810	  0.80000	-44.66600	  0.80000	 -6.42675	  0.80000	 53.99859	  0.80000	 55.71648	  0.80000	  3.43971	  0.80000	 71.53549	  0.80000	-26.37978	  0.80000	-94.00005	  0.80000	 93.96173	  0.80000	-28.00502	  0.80000	 -9.92689	  0.80000	 19.57476	  0.80000	 58.00872	  0.80000	 21.52035	  0.80000	153.98033	  0.80000	 27.24803	
  0.82000	 -0.86225	  0.82000	 54.90569	  0.82000	-44.12440	  0.82000	-100.49200	  0.82000	 48.39719	  0.82000	-49.73630	  0.82000	  5.68675	  0.82000	-44.87810	  0.82000	-44.66600	  0.82000	 -6.42675	  0.82000	 53.99859	  0.82000	 55.71648	  0.82000	  3.64330	  0.82000	 72.04725	  0.82000	-26.63003	  0.82000	-93.55616	  0.82000	 95.47966	  0.82000	-28.43870	  0.82000	 -9.88806	  0.82000	 22.54296	  0.82000	 59.19672	  0.82000	 22.85915	  0.82000	155.71477	  0.82000	 24.65837	
  0.84000	 -0.86225	  0.84000	 54.90569	  0.84000	-44.12440	  0.84000	-100.49200	  0.84000	 48.39719	  0.84000	-49.73630	  0.84000	  5.68675	  0.84000	-44.87810	  0.84000	-44.66600	  0.84000	 -6.42675	  0.84000	 53.99859	  0.84000	 55.71648	  0.84000	  3.93092	  0.84000	 72.40466	  0.84000	-26.84599	  0.84000	-92.98125	  0.84000	 96.99025	  0.84000	-28.75997	  0.84000	 -9.77397	  0.84000	 25.16044	  0.84000	 60.21814	  0.84000	 24.43184	  0.84000	157.04234	  0.84000	 22.30863	
  0.86000	 -0.86225	  0.86000	 54.90569	  0.86000	-44.12440	  0.86000	-100.49200	  0.86000	 48.39719	  0.86000	-49.73630	  0.86000	  5.68675	  0.86000	-44.87810	  0.86000	-44.66600	  0.86000	 -6.42675	  0.86000	 53.99859	  0.86000	 55.71648	  0.86000	  4.12799	  0.86000	 72.75101	  0.86000	-27.04369	  0.86000	-92.56631	  0.86000	 98.16927	  0.86000	-29.09467	  0.86000	 -9.63606	  0.86000	 27.50023	  0.86000	 61.06374	  0.86000	 25.59522	  0.86000	158.22783	  0.86000	 20.20962	
  0.88000	 -0.86225	  0.88000	 54.90569	  0.88000	-44.12440	  0.88000	-100.49200	  0.88000	 48.39719	  0.88000	-49.73630	  0.88000	  5.68675	  0.88000	-44.87810	  0.88000	-44.66600	  0.88000	 -6.42675	  0.88000	 53.99859	  0.88000	 55.71648	  0.88000	  4.29681	  0.88000	 73.05722	  0.88000	-27.21814	  0.88000	-92.20847	  0.88000	 99.17379	  0.88000	-29.39519	  0.88000	 -9.48912	  0.88000	 29.53232	  0.88000	 61.75115	  0.88000	 26.58492	  0.88000	159.21704	  0.88000	 18.38591	
  0.90000	 -0.86225	  0.90000	 54.90569	  0.90000	-44.12440	  0.90000	-100.49200	  0.90000	 48.39719	  0.90000	-49.73630	  0.90000	  5.68675	  0.90000	-44.87810	  0.90000	-44.66600	  0.90000	 -6.42675	  0.90000	 53.99859	  0.90000	 55.71648	  0.90000	  4.40785	  0.90000	 73.28674	  0.90000	-27.36211	  0.90000	-91.98500	  0.90000	 99.80552	  0.90000	-29.65464	  0.90000	 -9.30418	  0.90000	 31.19688	  0.90000	 62.30631	  0.90000	 27.22183	  0.90000	160.03468	  0.90000	 16.84558	
  0.92000	 -0.86225	  0.92000	 54.90569	  0.92000	-44.12440	  0.92000	-100.49200	  0.92000	 48.39719	  0.92000	-49.73630	  0.92000	  5.68675	  0.92000	-44.87810	  0.92000	-44.66600	  0.92000	 -6.42675	  0.92000	 53.99859	  0.92000	 55.71648	  0.92000	  4.47693	  0.92000	 73.48065	  0.92000	-27.48363	  0.92000	-91.82737	  0.92000	100.30864	  0.92000	-29.89692	  0.92000	 -9.18524	  0.92000	 32.55268	  0.92000	 62.72860	  0.92000	 27.69128	  0.92000	160.68826	  0.92000	 15.59687	
  0.94000	 -0.86225	  0.94000	 54.90569	  0.94000	-44.12440	  0.94000	-100.49200	  0.94000	 48.39719	  0.94000	-49.73630	  0.94000	  5.68675	  0.94000	-44.87810	  0.94000	-44.66600	  0.94000	 -6.42675	  0.94000	 53.99859	  0.94000	 55.71648	  0.94000	  4.51382	  0.94000	 73.64636	  0.94000	-27.57874	  0.94000	-91.72260	  0.94000	100.70681	  0.94000	-30.10232	  0.94000	 -9.12269	  0.94000	 33.60041	  0.94000	 63.03235	  0.94000	 28.02292	  0.94000	161.19099	  0.94000	 14.64997	
  0.96000	 -0.86225	  0.96000	 54.90569	  0.96000	-44.12440	  0.96000	-100.49200	  0.96000	 48.39719	  0.96000	-49.73630	  0.96000	  5.68675	  0.96000	-44.87810	  0.96000	-44.66600	  0.96000	 -6.42675	  0.96000	 53.99859	  0.96000	 55.71648	  0.96000	  4.53558	  0.96000	 73.75562	  0.96000	-27.64182	  0.96000	-91.65910	  0.96000	100.95708	  0.96000	-30.23950	  0.96000	 -9.07531	  0.96000	 34.30072	  0.96000	 63.23204	  0.96000	 28.22962	  0.96000	161.52463	  0.96000	 14.01388	
  0.98000	 -0.86225	  0.98000	 54.90569	  0.98000	-44.12440	  0.98000	-100.49200	  0.98000	 48.39719	  0.98000	-49.73630	  0.98000	  5.68675	  0.98000	-44.87810	  0.98000	-44.66600	  0.98000	 -6.42675	  0.98000	 53.99859	  0.98000	 55.71648	  0.98000	  4.54770	  0.98000	 73.81062	  0.98000	-27.67428	  0.98000	-91.62569	  0.98000	101.08366	  0.98000	-30.30934	  0.98000	 -9.04950	  0.98000	 34.65547	  0.98000	 63.33118	  0.98000	 28.33582	  0.98000	161.69157	  0.98000	 13.69075	
  1.00000	 -0.86225	  1.00000	 54.90569	  1.00000	-44.12440	  1.00000	-100.49200	  1.00000	 48.39719	  1.00000	-49.73630	  1.00000	  5.68675	  1.00000	-44.87810	  1.00000	-44.66600	  1.00000	 -6.42675	  1.00000	 53.99859	  1.00000	 55.71648	  1.00000	  4.54792	  1.00000	 73.81652	  1.00000	-27.67846	  1.00000	-91.62416	  1.00000	101.09376	  1.00000	-30.31767	  1.00000	 -9.04437	  1.00000	 34.70089	  1.00000	 63.34472	  1.00000	 28.34412	  1.00000	161.71378	  1.00000	 13.64729	
  1.02000	 -0.86225	  1.02000	 54.90569	  1.02000	-44.12440	  1.02000	-100.49200	  1.02000	 48.39719	  1.02000	-49.73630	  1.02000	  5.68675	  1.02000	-44.87810	  1.02000	-44.66600	  1.02000	 -6.42675	  1.02000	 53.99859	  1.02000	 55.71648	  1.02000	  4.54768	  1.02000	 73.81595	  1.02000	-27.67837	  1.02000	-91.62521	  1.02000	101.09039	  1.02000	-30.31710	  1.02000	 -9.04302	  1.02000	 34.69993	  1.02000	 63.34488	  1.02000	 28.34153	  1.02000	161.71390	  1.02000	 13.64725	
  1.04000	 -0.86225	  1.04000	 54.90569	  1.04000	-44.12440	  1.04000	-100.49200	  1.04000	 48.39719	  1.04000	-49.73630	  1.04000	  5.68675	  1.04000	-44.87810	  1.04000	-44.66600	  1.04000	 -6.42675	  1.04000	 53.99859	  1.04000	 55.71648	  1.04000	  4.54767	  1.04000	 73.81595	  1.04000	-27.67837	  1.04000	-91.62523	  1.04000	101.09035	  1.04000	-30.31711	  1.04000	 -9.04302	  1.04000	 34.69993	  1.04000	 63.34488	  1.04000	 28.34149	  1.04000	161.71391	  1.04000	 13.64725	
  1.06000	 -0.86225	  1.06000	 54.90569	  1.06000	-44.12440	  1.06000	-100.49200	  1.06000	 48.39719	  1.06000	-49.73630	  1.06000	  5.68675	  1.06000	-44.87810	  1.06000	-44.66600	  1.06000	 -6.42675	  1.06000	 53.99859	  1.06000	 55.71648	  1.06000	  4.54767	  1.06000	 73.81595	  1.06000	-27.67837	  1.06000	-91.62523	  1.06000	101.09035	  1.06000	-30.31711	  1.06000	 -9.04302	  1.06000	 34.69993	  1.06000	 63.34488	  1.06000	 28.34149	  1.06000	161.71391	  1.06000	 13.64725	
  1.08000	 -0.86225	  1.08000	 54.90569	  1.08000	-44.12440	  1.08000	-100.49200	  1.08000	 48.39719	  1.08000	-49.73630	  1.08000	  5.68675	  1.08000	-44.87810	  1.08000	-44.66600	  1.08000	 -6.42675	  1.08000	 53.99859	  1.08000	 55.71648	  1.08000	  4.54767	  1.08000	 73.81595	  1.08000	-27.67837	  1.08000	-91.62523	  1.08000	101.09035	  1.08000	-30.31711	  1.08000	 -9.04302	  1.08000	 34.69993	  1.08000	 63.34488	  1.08000	 28.34149	  1.08000	161.71391	  1.08000	 13.64725	
  1.10000	 -0.86225	  1.10000	 54.90569	  1.10000	-44.12440	  1.10000	-100.49200	  1.10000	 48.39719	  1.10000	-49.73630	  1.10000	  5.68675	  1.10000	-44.87810	  1.10000	-44.66600	  1.10000	 -6.42675	  1.10000	 53.99859	  1.10000	 55.71648	  1.10000	  4.54767	  1.10000	 73.81595	  1.10000	-27.67837	  1.10000	-91.62523	  1.10000	101.09035	  1.10000	-30.31711	  1.10000	 -9.04302	  1.10000	 34.69993	  1.10000	 63.34488	  1.10000	 28.34149	  1.10000	161.71391	  1.10000	 13.64725	
  1.12000	 -0.86225	  1.12000	 54.90569	  1.12000	-44.12440	  1.12000	-100.49200	  1.12000	 48.39719	  1.12000	-49.73630	  1.12000	  5.68675	  1.12000	-44.87810	  1.12000	-44.66600	  1.12000	 -6.42675	  1.12000	 53.99859	  1.12000	 55.71648	  1.12000	  4.54767	  1.12000	 73.81595	  1.12000	-27.67837	  1.12000	-91.62523	  1.12000	101.09035	  1.12000	-30.31711	  1.12000	 -9.04302	  1.12000	 34.69993	  1.12000	 63.34488	  1.12000	 28.34149	  1.12000	161.71391	  1.12000	 13.64725	
  1.14000	 -0.86225	  1.14000	 54.90569	  1.14000	-44.12440	  1.14000	-100.49200	  1.14000	 48.39719	  1.14000	-49.73630	  1.14000	  5.68675	  1.14000	-44.87810	  1.14000	-44.66600	  1.14000	 -6.42675	  1.14000	 53.99859	  1.14000	 55.71648	  1.14000	  4.54767	  1.14000	 73.81595	  1.14000	-27.67837	  1.14000	-91.62523	  1.14000	101.09035	  1.14000	-30.31711	  1.14000	 -9.04302	  1.14000	 34.69993	  1.14000	 63.34488	  1.14000	 28.34149	  1.14000	161.71391	  1.14000	 13.64725	
  1.16000	 -0.86225	  1.16000	 54.90569	  1.16000	-44.12440	  1.16000	-100.49200	  1.16000	 48.39719	  1.16000	-49.73630	  1.16000	  5.68675	  1.16000	-44.87810	  1.16000	-44.66600	  1.16000	 -6.42675	  1.16000	 53.99859	  1.16000	 55.71648	  1.16000	  4.54767	  1.16000	 73.81595	  1.16000	-27.67837	  1.16000	-91.62523	  1.16000	101.09035	  1.16000	-30.31711	  1.16000	 -9.04302	  1.16000	 34.69993	  1.16000	 63.34488	  1.16000	 28.34149	  1.16000	161.71391	  1.16000	 13.64725	
  1.18000	 -0.86225	  1.18000	 54.90569	  1.18000	-44.12440	  1.18000	-100.49200	  1.18000	 48.39719	  1.18000	-49.73630	  1.18000	  5.68675	  1.18000	-44.87810	  1.18000	-44.66600	  1.18000	 -6.42675	  1.18000	 53.99859	  1.18000	 55.71648	  1.18000	  4.54767	  1.18000	 73.81595	  1.18000	-27.67837	  1.18000	-91.62523	  1.18000	101.09035	  1.18000	-30.31711	  1.18000	 -9.04302	  1.18000	 34.69993	  1.18000	 63.34488	  1.18000	 28.34149	  1.18000	161.71391	  1.18000	 13.64725	
  1.20000	 -0.86225	  1.20000	 54.90569	  1.20000	-44.12440	  1.20000	-100.49200	  1.20000	 48.39719	  1.20000	-49.73630	  1.20000	  5.68675	  1.20000	-44.87810	  1.20000	-44.66600	  1.20000	 -6.42675	  1.20000	 53.99859	  1.20000	 55.71648	  1.20000	  4.54767	  1.20000	 73.81595	  1.20000	-27.67837	  1.20000	-91.62523	  1.20000	101.09035	  1.20000	-30.31711	  1.20000	 -9.04302	  1.20000	 34.69993	  1.20000	 63.34488	  1.20000	 28.34149	  1.20000	161.71391	  1.20000	 13.64725	
  1.22000	 -0.86225	  1.22000	 54.90569	  1.22000	-44.12440	  1.22000	-100.49200	  1.22000	 48.39719	  1.22000	-49.73630	  1.22000	  5.68675	  1.22000	-44.87810	  1.22000	-44.66600	  1.22000	 -6.42675	  1.22000	 53.99859	  1.22000	 55.71648	  1.22000	  4.54767	  1.22000	 73.81595	  1.22000	-27.67837	  1.22000	-91.62523	  1.22000	101.09035	  1.22000	-30.31711	  1.22000	 -9.04302	  1.22000	 34.69993	  1.22000	 63.34488	  1.22000	 28.34149	  1.22000	161.71391	  1.22000	 13.64725	
  1.24000	 -0.86225	  1.24000	 54.90569	  1.24000	-44.12440	  1.24000	-100.49200	  1.24000	 48.39719	  1.24000	-49.73630	  1.24000	  5.68675	  1.24000	-44.87810	  1.24000	-44.66600	  1.24000	 -6.42675	  1.24000	 53.99859	  1.24000	 55.71648	  1.24000	  4.54767	  1.24000	 73.81595	  1.24000	-27.67837	  1.24000	-91.62523	  1.24000	101.09035	  1.24000	-30.31711	  1.24000	 -9.04302	  1.24000	 34.69993	  1.24000	 63.34488	  1.24000	 28.34149	  1.24000	161.71391	  1.24000	 13.64725	
  1.26000	 -0.86225	  1.26000	 54.90569	  1.26000	-44.12440	  1.26000	-100.49200	  1.26000	 48.39719	  1.26000	-49.73630	  1.26000	  5.68675	  1.26000	-44.87810	  1.26000	-44.66600	  1.26000	 -6.42675	  1.26000	 53.99859	  1.26000	 55.71648	  1.26000	  4.54767	  1.26000	 73.81595	  1.26000	-27.67837	  1.26000	-91.62523	  1.26000	101.09035	  1.26000	-30.31711	  1.26000	 -9.04302	  1.26000	 34.69993	  1.26000	 63.34488	  1.26000	 28.34149	  1.26000	161.71391	  1.26000	 13.64725	
  1.28000	 -0.86225	  1.28000	 54.90569	  1.28000	-44.12440	  1.28000	-100.49200	  1.28000	 48.39719	  1.28000	-49.73630	  1.28000	  5.68675	  1.28000	-44.87810	  1.28000	-44.66600	  1.28000	 -6.42675	  1.28000	 53.99859	  1.28000	 55.71648	  1.28000	  4.54767	  1.28000	 73.81595	  1.28000	-27.67837	  1.28000	-91.62523	  1.28000	101.09035	  1.28000	-30.31711	  1.28000	 -9.04302	  1.28000	 34.69993	  1.28000	 63.34488	  1.28000	 28.34149	  1.28000	161.71391	  1.28000	 13.64725	
  1.30000	 -0.86225	  1.30000	 54.90569	  1.30000	-44.12440	  1.30000	-100.49200	  1.30000	 48.39719	  1.30000	-49.73630	  1.30000	  5.68675	  1.30000	-44.87810	  1.30000	-44.66600	  1.30000	 -6.42675	  1.30000	 53.99859	  1.30000	 55.71648	  1.30000	  4.54767	  1.30000	 73.81595	  1.30000	-27.67837	  1.30000	-91.62523	  1.30000	101.09035	  1.30000	-30.31711	  1.30000	 -9.04302	  1.30000	 34.69993	  1.30000	 63.34488	  1.30000	 28.34149	  1.30000	161.71391	  1.30000	 13.64725	
  1.32000	 -0.86225	  1.32000	 54.90569	  1.32000	-44.12440	  1.32000	-100.49200	  1.32000	 48.39719	  1.32000	-49.73630	  1.32000	  5.68675	  1.32000	-44.87810	  1.32000	-44.66600	  1.32000	 -6.42675	  1.32000	 53.99859	  1.32000	 55.71648	  1.32000	  4.54767	  1.32000	 73.81595	  1.32000	-27.67837	  1.32000	-91.62523	  1.32000	101.09035	  1.32000	-30.31711	  1.32000	 -9.04302	  1.32000	 34.69993	  1.32000	 63.34488	  1.32000	 28.34149	  1.32000	161.71391	  1.32000	 13.64725	
  1.34000	 -0.86225	  1.34000	 54.90569	  1.34000	-44.12440	  1.34000	-100.49200	  1.34000	 48.39719	  1.34000	-49.73630	  1.34000	  5.68675	  1.34000	-44.87810	  1.34000	-44.66600	  1.34000	 -6.42675	  1.34000	 53.99859	  1.34000	 55.71648	  1.34000	  4.54767	  1.34000	 73.81595	  1.34000	-27.67837	  1.34000	-91.62523	  1.34000	101.09035	  1.34000	-30.31711	  1.34000	 -9.04302	  1.34000	 34.69993	  1.34000	 63.34488	  1.34000	 28.34149	  1.34000	161.71391	  1.34000	 13.64725	
  1.36000	 -0.86225	  1.36000	 54.90569	  1.36000	-44.12440	  1.36000	-100.49200	  1.36000	 48.39719	  1.36000	-49.73630	  1.36000	  5.68675	  1.36000	-44.87810	  1.36000	-44.66600	  1.36000	 -6.42675	  1.36000	 53.99859	  1.36000	 55.71648	  1.36000	  4.54767	  1.36000	 73.81595	  1.36000	-27.67837	  1.36000	-91.62523	  1.36000	101.09035	  1.36000	-30.31711	  1.36000	 -9.04302	  1.36000	 34.69993	  1.36000	 63.34488	  1.36000	 28.34149	  1.36000	161.71391	  1.36000	 13.64725	
  1.38000	 -0.86225	  1.38000	 54.90569	  1.38000	-44.12440	  1.38000	-100.49200	  1.38000	 48.39719	  1.38000	-49.73630	  1.38000	  5.68675	  1.38000	-44.87810	  1.38000	-44.66600	  1.38000	 -6.42675	  1.38000	 53.99859	  1.38000	 55.71648	  1.38000	  4.54767	  1.38000	 73.81595	  1.38000	-27.67837	  1.38000	-91.62523	  1.38000	101.09035	  1.38000	-30.31711	  1.38000	 -9.04302	  1.38000	 34.69993	  1.38000	 63.34488	  1.38000	 28.34149	  1.38000	161.71391	  1.38000	 13.64725	
  1.40000	 -0.86225	  1.40000	 54.90569	  1.40000	-44.12440	  1.40000	-100.49200	  1.40000	 48.39719	  1.40000	-49.73630	  1.40000	  5.68675	  1.40000	-44.87810	  1.40000	-44.66600	  1.40000	 -6.42675	  1.40000	 53.99859	  1.40000	 55.71648	  1.40000	  4.54767	  1.40000	 73.81595	  1.40000	-27.67837	  1.40000	-91.62523	  1.40000	101.09035	  1.40000	-30.31711	  1.40000	 -9.04302	  1.40000	 34.69993	  1.40000	 63.34488	  1.40000	 28.34149	  1.40000	161.71391	  1.40000	 13.64725	
  1.42000	 -0.86225	  1.42000	 54.90569	  1.42000	-44.12440	  1.42000	-100.49200	  1.42000	 48.39719	  1.42000	-49.73630	  1.42000	  5.68675	  1.42000	-44.87810	  1.42000	-44.66600	  1.42000	 -6.42675	  1.42000	 53.99859	  1.42000	 55.71648	  1.42000	  4.54767	  1.42000	 73.81595	  1.42000	-27.67837	  1.42000	-91.62523	  1.42000	101.09035	  1.42000	-30.31711	  1.42000	 -9.04302	  1.42000	 34.69993	  1.42000	 63.34488	  1.42000	 28.34149	  1.42000	161.71391	  1.42000	 13.64725	
  1.44000	 -0.86225	  1.44000	 54.90569	  1.44000	-44.12440	  1.44000	-100.49200	  1.44000	 48.39719	  1.44000	-49.73630	  1.44000	  5.68675	  1.44000	-44.87810	  1.44000	-44.66600	  1.44000	 -6.42675	  1.44000	 53.99859	  1.44000	 55.71648	  1.44000	  4.54767	  1.44000	 73.81595	  1.44000	-27.67837	  1.44000	-91.62523	  1.44000	101.09035	  1.44000	-30.31711	  1.44000	 -9.04302	  1.44000	 34.69993	  1.44000	 63.34488	  1.44000	 28.34149	  1.44000	161.71391	  1.44000	 13.64725	
  1.46000	 -0.86225	  1.46000	 54.90569	  1.46000	-44.12440	  1.46000	-100.49200	  1.46000	 48.39719	  1.46000	-49.73630	  1.46000	  5.68675	  1.46000	-44.87810	  1.46000	-44.66600	  1.46000	 -6.42675	  1.46000	 53.99859	  1.46000	 55.71648	  1.46000	  4.54767	  1.46000	 73.81595	  1.46000	-27.67837	  1.46000	-91.62523	  1.46000	101.09035	  1.46000	-30.31711	  1.46000	 -9.04302	  1.46000	 34.69993	  1.46000	 63.34488	  1.46000	 28.34149	  1.46000	161.71391	  1.46000	 13.64725	
  1.48000	 -0.86225	  1.48000	 54.90569	  1.48000	-44.12440	  1.48000	-100.49200	  1.48000	 48.39719	  1.48000	-49.73630	  1.48000	  5.68675	  1.48000	-44.87810	  1.48000	-44.66600	  1.48000	 -6.42675	  1.48000	 53.99859	  1.48000	 55.71648	  1.48000	  4.54767	  1.48000	 73.81595	  1.48000	-27.67837	  1.48000	-91.62523	  1.48000	101.09035	  1.48000	-30.31711	  1.48000	 -9.04302	  1.48000	 34.69993	  1.48000	 63.34488	  1.48000	 28.34149	  1.48000	161.71391	  1.48000	 13.64725	
  1.50000	 -0.86225	  1.50000	 54.90569	  1.50000	-44.12440	  1.50000	-100.49200	  1.50000	 48.39719	  1.50000	-49.73630	  1.50000	  5.68675	  1.50000	-44.87810	  1.50000	-44.66600	  1.50000	 -6.42675	  1.50000	 53.99859	  1.50000	 55.71648	  1.50000	  4.54767	  1.50000	 73.81595	  1.50000	-27.67837	  1.50000	-91.62523	  1.50000	101.09035	  1.50000	-30.31711	  1.50000	 -9.04302	  1.50000	 34.69993	  1.50000	 63.34488	  1.50000	 28.34149	  1.50000	161.71391	  1.50000	 13.64725	
