0.95,65.412,1,59.671,1,68.876,0.9,150.49,0.7,0.8,0.8,50.39,0.8,40,0.95,34.078,0.9,90,0.92,90,0.85,37.43,0.85,69,1.025,34.283,0.48809,0.10626,0.38659,0.21143,0.1344,0.22985,0.16706,0.33851,0.17812,0.21793,0.15311,0.42923,51749
0.95,65.412,1,59.671,1,68.876,0.9,150.49,0.7,0.8,0.8,50.39,0.8,40,0.95,34.078,0.9,90,0.92,90,0.85,37.43,0.85,69,1.025,34.283,0.48809,0.10626,0.38659,0.21143,0.1344,0.22985,0.16706,0.33851,0.17812,0.21793,0.15311,0.42923,51749
0.99865,63.006,0.97567,58.103,1.0243,68.318,0.89189,154.95,0.74055,0.82433,0.82433,48.705,0.82433,42.627,0.91756,34.756,0.87567,86.389,0.97352,91.622,0.89865,36.225,0.89865,68.74,0.9804,32.902,0.45125,0.10663,0.36556,0.21813,0.10202,0.19421,0.16393,0.37371,0.1865,0.27283,0.16695,0.39127,49085
0.89138,63.659,0.92146,60.084,0.94912,71.517,1.0032,166.13,0.70148,0.79226,0.79226,57.548,0.79226,48.901,1.061,44.136,0.82146,85.098,0.87709,95.236,1.0071,45.227,0.87766,65.681,0.881,40.073,0.54025,0.088599,0.43798,0.20972,0.14362,0.27126,0.1596,0.25194,0.21179,0.30474,0.17311,0.39651,58979
0.971,61.262,0.9617,59.178,1.0383,68.389,0.88723,157.34,0.76384,0.81606,0.8383,48.15,0.81606,42.335,0.89893,34.228,0.8617,85.259,0.94866,92.553,0.9266,36.183,0.89324,67.051,1.0104,32.62,0.45015,0.10499,0.34792,0.21139,0.11397,0.19887,0.16667,0.34931,0.17861,0.22964,0.15336,0.38755,46332
0.83274,55.625,0.89182,53.436,0.9205,92.566,1.0516,160.29,0.69262,0.77473,0.78306,55.725,0.77473,40.874,0.80576,37.42,1.1046,89.582,0.82438,94.312,0.87868,44.433,0.86619,71.406,0.84748,29.415,0.56938,0.095439,0.45956,0.20367,0.17727,0.28334,0.19799,0.30856,0.20886,0.41332,0.16549,0.48787,71576
1.034,64.447,0.93646,58.236,0.99576,66.927,0.9466,157.59,0.8059,0.84632,0.86354,47.139,0.84632,43.219,0.86528,38.807,0.94942,85.911,1.0167,93.815,0.9093,35.399,0.88347,64.484,1.0645,28.395,0.45377,0.10798,0.37097,0.18527,0.084651,0.17962,0.13605,0.37898,0.1613,0.19467,0.13532,0.4054,42811
0.77021,61.948,0.85615,78.122,0.86037,53.095,1.1355,173.64,0.66109,0.75685,0.75808,45.112,0.94262,40.229,1.2226,43.9,0.76419,73.591,0.76898,87.214,0.85422,35.562,0.85238,58.544,1.2368,14.532,0.60742,0.20708,0.45003,0.1179,0.18869,0.56849,0.088931,0.40331,0.22357,0.57885,0.087245,0.48091,79805
1.1885,50.085,0.87464,72.954,1.106,67.306,0.87753,157.31,0.90894,0.92046,0.78235,44.969,0.92046,40.917,1.1404,41.904,1.1643,70.64,0.82601,91.263,1.0814,31.539,1.0741,53.355,1.1971,34.382,0.30559,0.13306,0.17704,0.14187,0.16244,0.19625,0.057777,0.22659,0.14311,0.15459,0.070963,0.25145,21632
1.1911,49.725,0.88632,72.431,1.0952,67.819,0.87755,157.28,0.91068,0.92171,0.78947,45.661,0.92171,41.05,1.1238,41.543,1.168,69.765,0.82279,90.183,1.0843,32.016,1.0747,53.316,1.1782,34.704,0.30241,0.13461,0.19252,0.14717,0.1529,0.22742,0.065861,0.21939,0.13993,0.14553,0.070487,0.26311,22340
0.9992,52.894,0.9935,78.809,0.99552,70.374,0.99514,162.95,0.92666,0.93321,0.76839,43.964,0.93321,40.521,0.97187,36.766,0.98549,75.068,1.009,84.335,0.98152,32.474,0.97734,55.415,1.22,28.034,0.40142,0.064993,0.26367,0.1054,0.075245,0.23391,0.14839,0.23638,0.068638,0.18754,0.11061,0.34813,27480
0.9424,42.851,0.86081,64.369,0.9807,63.937,1.0304,164.15,0.76362,0.93704,0.7642,43.436,0.93704,45.411,0.92129,51.377,0.93182,72.609,1.064,91.775,1.1199,33.481,0.94831,42.505,1.2268,30.749,0.47959,0.071523,0.3278,0.10158,0.10655,0.32603,0.16432,0.20245,0.09469,0.31245,0.11826,0.37903,39562
0.79108,45.01,0.85231,89.003,0.87399,75.821,1.1245,154.77,0.67426,0.76597,0.75303,40.466,0.94723,40.086,0.78657,45.553,0.78882,67.512,1.2103,71.342,1.1436,57.847,1.1429,49.928,1.245,23.14,0.47989,0.13177,0.39755,0.1137,0.1435,0.41681,0.16396,0.33867,0.10485,0.48086,0.099488,0.40297,54417
0.92058,52.558,0.85959,70.548,0.94961,59.379,0.86071,155.68,0.75074,0.93851,0.76259,50.372,0.93851,44.737,0.90187,34.631,0.9112,71.488,1.0851,89.022,1.1233,35.213,1.1205,54.336,0.92396,22.933,0.51422,0.074601,0.40621,0.13901,0.092409,0.41254,0.14397,0.25859,0.15681,0.32475,0.15274,0.26772,48667
0.92443,48.121,0.8598,69.817,0.95186,67.598,0.86095,161.2,0.93366,0.93825,0.88331,56.453,0.81781,44.268,0.9053,45.724,1.2159,58.211,0.78024,82.092,1.1227,40.895,0.93913,58.525,1.229,27.689,0.48329,0.080753,0.37466,0.11894,0.10962,0.35316,0.17454,0.21927,0.067097,0.37899,0.11412,0.42043,44534
0.97067,61.026,0.85868,76.896,0.94023,56.098,0.8597,161.4,0.74124,0.81007,0.7614,46.637,0.81007,47.437,0.88756,54.001,0.89601,71.972,0.77679,86.424,0.93154,34.223,1.1232,55.364,0.90757,39.835,0.54475,0.098364,0.45852,0.20932,0.072234,0.39356,0.15838,0.27498,0.20522,0.33258,0.19019,0.35506,60614
1.2278,42.257,1.0507,67.741,0.94235,68.71,0.85993,156.26,0.93519,0.93934,0.76167,47.568,0.81148,42.738,1.2105,37.011,1.2191,75.408,1.0971,96.849,0.93347,30.555,0.93081,60.577,1.2309,33.748,0.37475,0.20272,0.32691,0.14288,0.21893,0.42042,0.061549,0.24795,0.21307,0.47468,0.065185,0.36571,276.41
1.2427,42.8,1.1174,68.23,1.0818,63.101,0.85326,150.78,0.7437,0.81221,0.75383,46.517,0.90449,44.61,1.237,45.561,1.2398,69.239,0.86404,98.965,0.87742,30.876,1.078,71.285,0.90802,31.309,0.31897,0.23426,0.17957,0.18456,0.22411,0.22633,0.12084,0.2622,0.23942,0.32804,0.11582,0.22571,37276
0.84149,32.076,1.131,56.559,0.86768,79.795,0.8519,155.09,0.94716,0.78626,0.91394,44.695,0.92348,47.979,0.83817,31.343,0.83983,73.16,0.81646,93.446,1.1085,30.106,1.108,56.15,1.2463,29.399,0.45665,0.12547,0.20722,0.093061,0.14323,0.39916,0.16459,0.17632,0.085969,0.33947,0.11771,0.28338,35541
0.99121,49.577,1.0999,66.163,1.0452,67.394,1.0036,161.43,0.79397,0.94462,0.85493,47.742,0.88007,43.306,0.98245,33.539,0.98682,78.016,1.1728,98.36,0.89214,31.081,0.8908,57.8,0.99279,35.647,0.41884,0.083462,0.21609,0.17584,0.1014,0.19245,0.13706,0.30362,0.17441,0.28814,0.12499,0.22582,232.91
0.93665,45.626,0.94346,71.113,1.1108,69.676,1.0952,162.47,0.89164,0.94799,0.91444,50.467,0.92384,43.436,0.83695,43.285,0.83858,77.999,1.2211,99.218,1.0535,37.005,1.053,53.345,1.1538,27.727,0.24592,0.1569,0.15832,0.09431,0.16733,0.19327,0.12422,0.24443,0.16496,0.16204,0.10911,0.16391,21884
1.0642,53.377,1.114,66.66,1.0747,68.187,0.96028,160.66,0.83795,0.88976,0.88172,45.865,0.89978,44.425,0.91693,34.187,0.92007,76.265,1.1028,94.825,0.88026,30.776,0.8793,55.613,0.92435,36.184,0.38367,0.097279,0.22643,0.19456,0.069218,0.16992,0.12465,0.37088,0.18824,0.34337,0.15148,0.17382,33123
0.97733,50.157,0.86639,56.921,0.8628,73.383,1.1404,158.75,0.65944,0.94965,0.94376,46.327,0.75853,55.924,0.76525,30.361,0.76553,74.051,1.2449,99.221,0.85276,35.924,1.133,61.835,0.76593,42.183,0.61187,0.14045,0.39978,0.081177,0.14407,0.53143,0.13588,0.28077,0.14407,0.57054,0.11151,0.41062,65316
1.1742,49.872,0.92323,64.091,0.9072,64.247,1.1071,158.33,0.6922,0.80704,0.78075,50.026,0.78812,45.077,1.1716,40.929,0.81941,77.265,0.87392,90.631,1.0744,30.317,1.074,52.819,1.1746,36.329,0.38352,0.21365,0.4184,0.15595,0.20393,0.16014,0.0778,0.31812,0.1912,0.24833,0.064815,0.45605,44814
0.97397,49.491,1.1034,66.458,1.0312,66.58,0.99259,160.68,0.80512,0.93071,0.84743,47.188,0.88507,43.54,0.96584,34.082,0.96989,78.236,1.1783,98.477,0.88912,31.255,0.88788,57.324,0.97544,36.198,0.42417,0.086945,0.22296,0.17575,0.10478,0.18962,0.14476,0.30141,0.17642,0.30499,0.12792,0.18573,233.43
0.97166,49.332,1.1008,66.388,1.0294,66.57,0.99112,160.78,0.80352,0.92885,0.84642,47.165,0.88367,43.541,0.96878,34.102,0.96762,78.156,1.1791,98.493,0.89182,31.242,0.89059,57.295,0.97311,36.242,0.42658,0.086881,0.22477,0.17579,0.11111,0.18154,0.14565,0.29815,0.17757,0.30527,0.1286,0.18006,233.67
1.0104,49.562,1.1096,67.274,1.0469,66.152,1.0134,160.81,0.78463,0.90685,0.86098,46.922,0.89364,43.072,0.93733,34.211,0.94085,79.14,1.1878,98.678,0.88396,31.089,0.88288,57.699,1.0117,36.747,0.41925,0.10623,0.18767,0.1702,0.098681,0.18098,0.13286,0.31578,0.1781,0.28218,0.11476,0.22334,31404
0.86546,51.398,0.98066,67.298,1.0888,67.647,1.0689,156.41,0.87531,0.94006,0.89712,43.706,0.81963,42.21,1.1035,35.177,1.1056,77.269,0.97081,96.909,1.0155,30.647,0.86953,58.043,0.86622,37.467,0.4249,0.079839,0.22048,0.16543,0.14947,0.25259,0.12479,0.2369,0.16317,0.2501,0.12356,0.28617,33977
0.96563,49.403,1.094,66.471,1.0245,66.495,0.98728,160.49,0.81051,0.92399,0.85125,47.398,0.88004,43.599,0.97642,34.064,0.98032,77.965,1.181,98.265,0.88767,31.551,0.88647,57.42,0.96705,35.979,0.43111,0.086945,0.23333,0.17576,0.11484,0.18093,0.14742,0.2915,0.18014,0.31193,0.13063,0.17093,34145
0.8495,50.653,0.9626,64.368,1.0972,68.293,0.91335,154.37,0.71891,0.94143,0.90443,47.457,0.81001,44.417,0.84589,31.813,0.84769,74.713,0.94028,95.898,0.86738,30.557,0.86683,55.881,1.128,37.947,0.42374,0.095451,0.19314,0.13752,0.17152,0.20767,0.2046,0.299,0.15302,0.21022,0.13478,0.28045,35992
0.78753,57.858,1.1422,67.283,0.88037,62.898,1.1236,165.71,0.67599,0.78028,0.76633,41.205,0.93912,42.208,1.2024,32.826,1.2031,74.567,0.82178,94.724,1.1063,35.436,0.85635,58.725,0.78778,36.526,0.28995,0.22779,0.19654,0.13922,0.22825,0.31676,0.051909,0.21851,0.22109,0.21024,0.066116,0.24605,30090
0.78951,48.856,0.89471,63.226,1.129,71.308,0.87516,159.92,0.67737,0.78188,0.76719,45.747,0.93854,49.226,1.1999,33.645,0.7888,81.288,1.2374,99.731,1.104,30.221,1.1038,56.982,0.78977,33.609,0.40703,0.058692,0.15996,0.17044,0.13813,0.37054,0.10838,0.17289,0.16995,0.31332,0.16047,0.26979,33241
1.0451,51.568,1.1154,66.776,0.98454,68.31,1.0331,161.23,0.76516,0.93568,0.87385,45.994,0.9018,43.074,1.039,33.823,0.91325,77.169,1.068,98.869,0.95633,30.931,0.95541,58.9,1.0462,35.887,0.42254,0.093072,0.25581,0.17183,0.063828,0.19446,0.10904,0.293,0.15463,0.19827,0.11828,0.31271,228.58
1.0377,51.53,1.1163,66.812,0.9887,68.352,1.0285,161.19,0.7698,0.93102,0.87577,46.059,0.90301,43.074,1.0443,34.114,0.90914,77.04,1.0726,98.898,0.95366,31.148,0.9603,58.925,1.0387,35.799,0.42398,0.091427,0.25786,0.17484,0.065449,0.19819,0.10849,0.29014,0.15636,0.20462,0.12019,0.31329,229.78
1.1687,50.812,1.1371,70.226,1.0883,67.713,1.1035,158.6,0.88104,0.81928,0.79813,44.541,0.93201,41.316,0.86265,35.363,0.81091,77.858,0.87345,99.507,0.88967,32.2,1.0774,61.273,1.1691,35.257,0.32255,0.13876,0.1648,0.11472,0.15264,0.20287,0.067515,0.27298,0.13941,0.13549,0.097925,0.16584,21377
0.76736,50.657,0.86607,65.622,1.1403,74.64,0.86077,161.51,0.65723,0.94885,0.94552,41.941,0.94716,40.387,1.2376,36.836,1.2294,82.728,1.2393,99.241,0.85625,30.243,0.85666,57.03,0.76742,35.993,0.37861,0.12133,0.1362,0.16098,0.14376,0.30022,0.085795,0.23326,0.22013,0.45066,0.13299,0.31803,35770
1.0643,52.163,1.1205,67.348,1.009,68.152,1.0438,161.03,0.75475,0.9334,0.88509,45.962,0.90891,43.59,1.0702,34.215,0.95197,77.067,1.032,99.036,0.97833,31.003,0.98413,58.833,1.0024,35.331,0.41199,0.093645,0.24555,0.17605,0.061306,0.22036,0.086699,0.28053,0.16147,0.20403,0.12013,0.30242,226.89
1.0725,52.351,1.1218,67.449,1.0152,67.857,1.0352,161.07,0.76337,0.9253,0.87913,46.055,0.90189,43.655,1.056,34.029,0.96514,77.208,1.0416,98.856,0.97266,30.959,0.97922,58.76,1.0134,35.159,0.41045,0.098974,0.24962,0.18174,0.064998,0.21097,0.090968,0.29178,0.16307,0.1981,0.12137,0.30953,228.45
0.93915,50.654,1.0128,65.397,1.0296,69.14,1.0861,158.76,0.71303,0.86036,0.91095,47.052,0.84562,45.151,0.94266,33.8,1.0707,78.858,1.1188,99.42,0.92722,31.891,0.93071,59.517,1.101,36.689,0.35934,0.16501,0.26716,0.14746,0.13705,0.14544,0.1404,0.27041,0.17594,0.13363,0.091317,0.33048,31288
0.98862,52.29,1.1276,67.44,0.97067,68.525,0.99711,161.39,0.72952,0.91845,0.90073,47.073,0.91881,44.934,0.99305,33.849,1.0238,76.386,0.96408,99.269,1.0197,31.239,1.0241,58.123,0.94163,35.244,0.43802,0.077708,0.25763,0.18534,0.066623,0.29923,0.13,0.2678,0.16604,0.25554,0.13879,0.23535,238.56
0.99166,52.5,1.058,68.045,0.97221,68.261,0.99899,161.3,0.76066,0.91051,0.9001,45.634,0.88452,44.986,0.99615,34.503,0.90527,77.603,1.0824,99.259,0.94865,31.131,1.0225,57.649,0.94407,35.547,0.46862,0.081921,0.32965,0.19083,0.073168,0.28447,0.14074,0.26504,0.17873,0.26209,0.14928,0.29135,41179
0.77428,51.314,0.8709,65.528,0.86228,66.173,1.1418,158.96,0.93492,0.76417,0.76044,44.662,0.94683,45.808,1.2361,34.819,1.227,74.003,0.77179,95.193,0.85991,32.997,1.1372,63.637,1.2309,30.802,0.59295,0.21746,0.45456,0.11583,0.20279,0.56616,0.094069,0.39644,0.17383,0.52741,0.10013,0.49538,77211
1.2307,54.28,1.1469,69.239,0.86652,68.047,1.139,158.89,0.92972,0.94828,0.94326,43.64,0.76651,43.343,0.78326,37.46,1.219,78.535,0.7793,96.409,1.1322,30.104,1.1328,62.475,0.77623,37.707,0.36971,0.20253,0.17293,0.15339,0.19779,0.28616,0.073975,0.23615,0.20868,0.30965,0.062084,0.22862,32227
1.2448,52.59,1.1492,67.736,0.85449,68.867,1.1161,160.3,0.94449,0.94953,0.94817,45.371,0.94884,46.748,1.2449,34.821,0.7557,78.67,0.75796,98.49,1.1452,33.975,1.1453,58.778,1.243,34.69,0.1487,0.1777,0.18569,0.13798,0.20168,0.20485,0.08344,0.19504,0.15887,0.21903,0.081423,0.24709,21114
0.90783,51.835,0.98584,68.13,1.0792,70.472,1.0967,161.21,0.70259,0.94167,0.81783,45.445,0.92937,44.474,1.1597,33.118,1.1004,77.635,0.8916,98.79,0.91443,31.579,0.91735,60.021,1.1257,34.999,0.3516,0.13663,0.20185,0.12342,0.16117,0.19732,0.087485,0.21375,0.15769,0.22584,0.079653,0.2658,26325
1.0893,52.336,1.0842,67.247,1.0279,68.885,1.0581,160.51,0.78098,0.90876,0.86695,45.866,0.88756,43.45,1.0272,34.057,0.99201,77.143,0.99413,98.97,0.993,31.203,1.0064,59.103,0.96853,35.591,0.42041,0.11017,0.2595,0.1759,0.078149,0.24456,0.089965,0.27764,0.17018,0.19733,0.12753,0.31595,32688
0.87782,51.885,0.96001,66.505,1.0566,67.38,0.92881,161.75,0.8706,0.94325,0.92361,46.03,0.81462,43.361,1.011,32.159,0.83213,77.945,0.86468,99.608,1.0802,32.265,1.0826,56.186,0.85265,36.386,0.46903,0.068188,0.33322,0.22207,0.12714,0.36548,0.17448,0.21511,0.17651,0.31328,0.19936,0.21815,47614
1.2099,52.475,0.90837,66.983,0.8843,69.97,1.1271,162.14,0.90787,0.78957,0.936,46.401,0.78429,43.953,1.2112,33.992,1.1857,78.203,0.81085,98.724,0.87769,31.492,1.1142,58.241,1.1966,38.889,0.50866,0.17955,0.43053,0.16568,0.1774,0.48342,0.11027,0.32518,0.15685,0.48396,0.060356,0.46487,307.95
0.90183,52.357,1.0401,66.05,0.92678,68.972,0.94361,162.69,0.70059,0.94198,0.88559,45.358,0.93015,42.956,1.1632,34.269,0.84755,75.13,0.88622,99.535,1.0671,31.047,1.0699,57.719,1.1304,34.616,0.49897,0.078837,0.32608,0.13007,0.1106,0.38451,0.12682,0.21995,0.12706,0.2972,0.084016,0.37322,40673
0.98912,52.785,1.1276,68.169,1.0427,68.157,0.99743,160.32,0.76168,0.93737,0.90063,45.573,0.91874,43.619,0.99357,34.532,1.0233,76.971,1.0842,99.267,0.94762,31.117,1.0197,58.903,1.0617,35.084,0.42344,0.078854,0.20812,0.16242,0.070098,0.27868,0.1293,0.26953,0.14435,0.19661,0.11484,0.29288,29972
1.0196,51.897,1.082,67.221,0.98632,68.277,1.0162,160.88,0.73982,0.90727,0.86585,45.591,0.88627,43.305,1.0246,34.136,0.9232,77.062,1.0631,98.783,1.0028,30.86,0.96502,58.443,0.96648,34.983,0.44864,0.091891,0.31291,0.19223,0.069474,0.23545,0.12567,0.28342,0.17376,0.22803,0.13797,0.33474,38126
0.78429,52.805,1.1468,69.875,0.86734,68.1,0.87114,161.12,0.66143,0.77,0.84367,44.569,0.76733,46.289,0.80494,34.675,1.2175,75.152,1.2262,99.607,1.0727,31.183,0.86463,59.654,0.77753,34.425,0.49138,0.14069,0.18028,0.16774,0.18342,0.27769,0.14932,0.27899,0.24057,0.34164,0.16849,0.21556,45187
0.80699,52.564,1.1447,68.3,1.1244,67.528,1.1307,160.95,0.9146,0.78325,0.93823,47.23,0.77881,42.975,0.80805,33.941,0.78661,77.202,0.80113,99.118,0.87326,30.641,0.87432,58.555,1.2051,38.682,0.2781,0.14802,0.27987,0.090654,0.16276,0.34675,0.16138,0.3796,0.12933,0.34155,0.15456,0.21697,37217
0.7669,51.264,1.1484,68.049,1.1424,67.658,0.86042,161.04,0.9395,0.94911,0.94651,46.916,0.94779,41.244,1.0974,33.597,0.76086,75.139,0.76516,99.948,0.8569,31.384,0.85721,55.701,1.1388,33.95,0.37339,0.1402,0.17689,0.10591,0.16796,0.30195,0.13482,0.25558,0.10438,0.28687,0.095991,0.16128,28260
1.0887,52.336,1.0851,67.342,1.0275,68.247,1.0577,161.15,0.78035,0.90935,0.8936,45.554,0.88808,43.808,1.0282,34.275,0.99105,76.906,0.99504,98.947,1.0008,30.966,0.96655,58.548,0.96935,35.291,0.415,0.10822,0.26032,0.176,0.074,0.21067,0.091867,0.28997,0.16942,0.19539,0.1272,0.31626,31953
1.1942,50.36,1.1412,67.903,0.89775,68.105,1.1181,160.52,0.74344,0.94501,0.79058,46.654,0.93766,43.856,1.0827,33.25,1.1605,76.059,1.1845,99.473,1.0984,30.677,0.89029,57.841,1.1756,37.331,0.23149,0.20729,0.19852,0.13752,0.22596,0.28223,0.070369,0.24611,0.19298,0.23923,0.079511,0.17563,226.3
0.81648,50.496,1.1487,67.62,1.1123,66.745,0.89012,160.58,0.66398,0.94925,0.87725,46.744,0.94815,45.019,1.225,32.728,1.1086,76.453,0.81502,98.319,0.88718,30.764,1.1111,58.729,0.81369,36.63,0.41261,0.070706,0.1575,0.17433,0.13206,0.36545,0.10075,0.19738,0.1832,0.35065,0.1581,0.30917,245.1
0.8366,49.037,1.1483,68.174,1.1008,67.254,1.1438,159.91,0.90973,0.78802,0.75791,46.328,0.94759,44.257,0.81486,32.657,0.83002,76.533,1.2372,97.941,0.89843,30.639,1.0994,57.999,0.83297,35.878,0.25257,0.23115,0.19993,0.11508,0.25363,0.40542,0.061641,0.276,0.21393,0.29776,0.10471,0.14796,33293
1.2272,49.894,1.1464,68.147,1.0468,67.606,1.137,162.13,0.68822,0.94796,0.7666,46.171,0.82675,44.147,1.1816,32.786,1.2134,75.732,1.2232,99.784,1.0178,31.039,0.88703,58.488,1.0672,36.675,0.27839,0.21428,0.34925,0.15974,0.23779,0.24277,0.22969,0.41684,0.20017,0.13691,0.1599,0.19228,275.08
1.0581,50.924,0.98377,68.254,1.0341,68.225,0.97318,160.52,0.7958,0.94771,0.87675,46.457,0.94433,43.828,0.90287,33.004,1.2089,76.169,1.2199,99.512,1.1263,30.311,0.86851,57.794,1.2158,38.149,0.34826,0.13628,0.22023,0.081703,0.099129,0.16006,0.1063,0.20503,0.13075,0.16131,0.12489,0.30263,215.47
1.1136,51.533,0.87488,68.619,0.88425,68.161,0.87291,159.99,0.92132,0.78678,0.77358,45.23,0.78615,43.705,1.1854,32.856,1.0194,75.321,1.2444,99.31,1.1456,30.604,0.85344,58.67,1.2436,38.059,0.44109,0.10499,0.32883,0.098056,0.087136,0.24246,0.076315,0.2664,0.091164,0.28941,0.10955,0.37803,236.43
1.0471,50.942,0.99202,68.289,1.025,68.255,0.98196,160.53,0.80236,0.9379,0.87046,46.395,0.93468,43.821,0.89528,33.1,1.2109,76.08,1.1966,99.507,1.1126,30.296,0.88248,57.787,1.213,38.106,0.34059,0.16168,0.24231,0.082702,0.12353,0.25431,0.12024,0.2055,0.14721,0.2201,0.11243,0.32157,29274
1.0508,50.945,0.9877,68.282,1.0332,68.212,0.97027,160.52,0.79944,0.94304,0.87376,46.474,0.94446,43.791,0.9081,33.009,1.2049,76.192,1.2104,99.49,1.1269,30.323,0.86807,57.815,1.2048,38.121,0.33952,0.15151,0.21277,0.10827,0.14859,0.25122,0.089952,0.19778,0.14431,0.23211,0.11169,0.30181,226.5
0.8803,51.633,1.0196,67.945,0.89813,68.056,1.1038,159.45,0.7478,0.9494,0.78314,46.927,0.94852,43.208,0.78997,33.308,1.2392,76.575,1.2421,98.682,1.1438,30.081,0.85484,56.701,1.2411,38.272,0.34073,0.11542,0.309,0.1308,0.12225,0.29576,0.15038,0.43767,0.08283,0.29181,0.19669,0.23943,255.36
1.1322,50.921,1.048,68.545,1.0789,68.01,0.93999,160.59,0.85535,0.94859,0.90504,46.566,0.94652,43.989,0.84383,33.329,1.1675,75.808,1.2315,99.1,1.0196,30.387,0.86136,57.555,1.1733,38.021,0.33408,0.11194,0.13372,0.11022,0.090527,0.15691,0.082595,0.28313,0.12477,0.14634,0.095793,0.2034,197.43
1.0425,50.685,1.0015,68.47,1.0956,67.875,0.9893,160.69,0.87757,0.94892,0.86864,46.401,0.94734,43.86,0.93919,33.596,1.1859,75.726,1.2359,98.974,0.99548,30.296,0.88173,57.773,1.1913,38.241,0.27326,0.11443,0.1384,0.064634,0.1019,0.13743,0.11941,0.26646,0.12472,0.2023,0.14824,0.18643,199.33
1.1285,50.784,1.063,68.805,1.1181,67.721,0.93157,160.07,0.78326,0.86648,0.90236,46.676,0.94844,43.745,0.98282,34.085,1.2124,75.589,1.2417,98.632,1.0595,30.521,0.99291,57.306,1.2157,37.978,0.28473,0.14449,0.2115,0.084896,0.15378,0.1703,0.15706,0.45721,0.15433,0.17159,0.11625,0.1412,227.66
0.97808,50.923,1.0921,68.224,0.94569,67.418,0.90428,160.43,0.92178,0.82752,0.91829,46.095,0.94896,43.524,0.94216,33.227,0.91985,75.624,1.1459,98.767,1.0898,30.512,1.0455,57.664,1.2271,37.416,0.43032,0.067066,0.19651,0.097658,0.071548,0.32855,0.14946,0.21242,0.058442,0.29309,0.12673,0.28506,28112
1.1612,50.978,1.0865,68.61,1.1267,67.65,0.90959,160.6,0.91902,0.94954,0.80075,46.237,0.94886,43.652,1.117,33.917,0.99959,75.69,1.164,99.132,1.0839,30.127,1.0352,58.032,1.008,38.199,0.31345,0.10939,0.1452,0.17842,0.12137,0.24326,0.089057,0.26129,0.13771,0.19657,0.10008,0.20226,22636
1.1126,50.613,0.97566,68.615,1.114,68.101,0.94224,160.79,0.90204,0.94929,0.82856,46.401,0.94824,43.395,1.0442,34.154,1.1397,75.783,1.1435,99.05,0.94634,30.276,0.97236,57.604,1.0768,38.226,0.31993,0.086326,0.12297,0.15142,0.075592,0.17398,0.074652,0.30771,0.12593,0.18871,0.090051,0.21069,18787
1.0319,50.673,1.0069,68.463,1.0975,67.905,0.9951,160.7,0.8714,0.94896,0.87158,46.403,0.94743,43.873,0.93718,33.602,1.1882,75.719,1.2343,99.011,0.99023,30.313,0.89142,57.802,1.1935,38.196,0.35961,0.095607,1.3695,0.14906,0.11718,0.1611,0.11541,0.43516,0.13058,0.24471,0.20022,0.22709,355.07
1.0661,50.763,1.0184,68.474,1.0676,67.979,0.99678,160.61,0.88582,0.94905,0.85512,46.428,0.92485,43.785,0.91764,33.575,1.1508,75.75,1.1805,98.962,0.97891,30.397,0.87812,57.841,1.198,38.292,0.24408,0.14269,0.14899,0.095944,0.11212,0.13655,0.12814,0.27818,0.13762,0.23059,0.11184,0.24105,20947
1.0252,50.678,0.99253,68.475,1.0811,67.885,0.99879,160.7,0.87325,0.93717,0.87074,46.382,0.93568,43.858,0.93153,33.603,1.1897,75.747,1.2367,98.947,0.98688,30.292,0.89759,57.82,1.1867,38.22,0.30386,0.11783,0.45662,0.18048,0.084849,0.1631,0.12181,0.26357,0.12327,0.17279,0.20961,0.23546,245.61
0.83939,50.565,0.8963,68.624,1.033,68.461,0.89258,161.04,0.92786,0.94967,0.92513,46.83,0.81032,44.334,0.80783,33.21,0.94418,75.991,0.89851,99.094,1.1028,30.351,1.068,57.351,1.2321,38.282,0.46889,0.10432,0.22568,0.1115,0.14818,0.38107,0.19936,0.18542,0.084127,0.34263,0.13289,0.31557,39234
1.1609,50.937,0.98047,68.008,0.95542,67.929,1.081,160.81,0.7477,0.94954,0.88667,46.617,0.84376,43.583,1.1099,33.854,1.2225,75.594,0.95859,99.377,1.0613,30.127,0.86362,57.571,1.2248,38.389,0.48271,0.17175,0.3612,0.14351,0.16019,0.36438,0.056707,0.2694,0.14716,0.45468,0.072857,0.41552,276.32
1.245,50.849,0.87746,68.382,1.0472,67.454,1.1461,161.35,0.94826,0.94997,0.75285,46.496,0.75474,43.569,0.75455,33.2,1.2485,75.196,1.2497,99.351,1.1463,30.286,1.1436,58.629,1.2165,38.157,0.67288,0.18941,0.48652,0.1936,0.21954,0.78816,0.2741,1.107,0.081714,0.47938,0.064837,0.40527,404.2
1.0661,50.665,0.98421,68.418,1.1018,67.786,0.97341,160.72,0.87751,0.94905,0.87397,46.43,0.92483,43.87,0.91762,33.629,1.1728,75.754,1.2132,98.987,1.0131,30.262,0.87811,57.695,1.198,38.259,0.32614,0.11997,0.16857,0.085867,0.09548,0.15679,0.12358,0.28725,0.1291,0.18944,0.1175,0.18317,21716
0.91735,50.489,0.93668,68.653,0.99051,67.65,0.92971,160.53,0.90856,0.94938,0.90345,46.481,0.94848,43.678,1.0431,33.438,0.9994,75.52,1.2419,99.162,0.93325,30.268,0.93005,57.655,1.2164,38.29,0.44549,0.08696,0.28,0.085596,0.1252,0.27301,0.15539,0.19983,0.074563,0.19976,0.13736,0.33834,32809
1.1779,50.809,0.93813,68.713,0.93533,67.913,1.0942,160.64,0.72908,0.94963,0.8034,46.518,0.81857,43.936,1.0626,33.597,1.2277,76.044,0.91883,99.028,0.90055,30.303,1.0568,58.021,1.1895,38.152,0.43969,0.16027,0.39563,0.16319,0.17543,0.36596,0.063071,0.27785,0.16371,0.43355,0.082103,0.43951,50221
1.1265,50.573,0.94014,68.367,1.0682,67.824,0.93289,160.88,0.78541,0.8814,0.8206,46.336,0.86742,43.926,0.86258,33.483,1.1997,75.875,1.0391,99.221,0.93657,30.385,0.99037,57.954,1.1203,38.245,0.39732,0.1319,0.2348,0.1565,0.10993,0.19171,0.081879,0.32052,0.14942,0.16359,0.1025,0.30273,29268
1.1242,50.605,1.0316,69.079,1.0938,68.037,0.90482,160.57,0.79878,0.94958,0.79669,45.979,0.94895,43.761,1.003,33.615,1.2248,75.931,0.94122,98.626,1.0892,30.366,0.86249,58.054,1.1989,38.27,0.34336,0.13898,0.15813,0.11168,0.12994,0.18749,0.091736,0.26561,0.13693,0.1719,0.096437,0.24412,23053
1.03,50.603,1.0228,68.426,1.1034,67.847,1.0124,160.65,0.84488,0.94908,0.8516,46.433,0.94772,43.854,0.92301,33.693,1.1681,75.717,1.1914,98.935,0.97459,30.377,0.87717,57.74,1.1701,38.275,0.3382,0.10523,0.14357,0.095441,0.10122,0.12563,0.13313,0.28646,0.11614,0.15157,0.11327,0.19058,20308
1.0148,50.298,1.079,68.616,0.96732,67.942,1.0237,160.94,0.90472,0.94949,0.84395,46.264,0.93931,43.818,1.1015,33.584,1.008,75.693,1.2432,98.886,0.91951,30.504,0.90314,57.696,1.0351,37.929,0.36436,0.12571,0.19087,0.13205,0.13159,0.12693,0.08947,0.22794,0.16387,0.2928,0.079721,0.13601,211.18
0.89567,50.881,1.0739,68.237,1.1229,67.787,1.0342,160.72,0.76335,0.84908,0.90947,46.35,0.85844,43.923,0.84424,33.695,1.2083,75.578,1.243,99.044,1.073,30.163,0.86581,57.819,1.2208,38.365,0.33666,0.13458,0.19176,0.080134,0.12427,0.15927,0.14764,0.25732,0.13753,0.1874,0.19332,0.17997,220.62
1.2202,50.886,1.0207,68.339,1.1422,67.765,1.0435,160.87,0.93962,0.94985,0.93834,46.822,0.77829,43.456,0.77712,33.141,1.1046,75.649,1.248,99.039,0.87085,30.111,1.0622,57.686,0.87941,38.244,0.29102,0.12741,0.17441,0.16216,0.132,0.17743,0.075122,0.32227,0.16214,0.22977,0.078842,0.17701,22909
1.0537,50.674,0.9993,68.492,1.0737,67.823,0.98158,160.7,0.88769,0.94743,0.85207,46.43,0.9417,43.9,0.93474,33.595,1.1813,75.68,1.1899,98.926,1.0171,30.286,0.91921,57.79,1.1995,38.287,0.24034,0.13926,0.15694,0.092522,0.13111,0.11324,0.12627,0.26642,0.13983,0.22822,0.11549,0.23815,21052
1.0804,50.983,0.99518,68.265,1.1279,67.755,0.99581,160.83,0.91815,0.94956,0.84267,46.382,0.93377,43.492,0.99098,33.726,1.015,75.525,1.2443,98.775,0.90915,30.4,0.8629,57.936,1.0212,38.161,0.3082,0.10184,0.14843,0.15352,0.11011,0.17297,0.087606,0.34746,0.15931,0.32344,0.086908,0.17881,23761
1.0633,50.66,0.93854,68.522,1.0535,67.921,1.0806,160.45,0.9187,0.88024,0.91484,46.569,0.83528,43.88,1.1157,33.572,1.2223,75.762,1.2439,99.092,0.91287,30.248,0.91903,57.766,1.2246,38.289,0.35325,0.19085,0.34658,0.14264,0.21849,0.40637,0.22258,0.35188,0.18029,0.3993,0.05818,0.22998,283.42
1.0464,50.684,1.0047,68.465,1.0969,67.866,0.99316,160.7,0.87812,0.94414,0.86668,46.402,0.9474,43.855,0.94559,33.609,1.1834,75.728,1.2326,98.965,0.99919,30.299,0.88097,57.773,1.1902,38.234,0.26352,0.10327,0.31722,0.13529,0.081723,0.17646,0.11203,0.26525,0.1228,0.19441,0.17681,0.19321,220.89
0.96594,50.573,0.89834,68.4,1.117,67.734,1.0491,160.66,0.86411,0.81348,0.78786,46.455,0.84252,43.882,1.1508,33.701,1.2295,76.039,1.2455,99.026,1.1007,30.176,0.86013,58.04,1.2313,38.236,0.33493,0.14654,0.29291,0.13987,0.12307,0.35907,0.17775,0.45897,0.12404,0.096761,0.20332,0.25792,256.23
1.1322,50.921,1.048,68.545,1.0789,68.01,0.93999,160.59,0.85535,0.94859,0.90504,46.566,0.94652,43.989,0.84383,33.329,1.1675,75.808,1.2315,99.1,1.0196,30.387,0.86136,57.555,1.1733,38.021,0.33408,0.11194,0.13372,0.11022,0.090527,0.15691,0.082595,0.28313,0.12477,0.14634,0.095793,0.2034,197.43
1.1322,50.921,1.048,68.545,1.0789,68.01,0.93999,160.59,0.85535,0.94859,0.90504,46.566,0.94652,43.989,0.84383,33.329,1.1675,75.808,1.2315,99.1,1.0196,30.387,0.86136,57.555,1.1733,38.021,0.34354,0.11988,0.13618,0.10983,0.10658,0.14342,0.075832,0.2861,0.12831,0.17768,0.09653,0.20419,19872
