0.9,108.38,1.0633,73.31,1.1144,66.9,0.98336,83.364,0.6248,0.75664,1.0182,110.75,0.83583,161.11,0.91813,80.746,1.1842,68.239,0.54665,62.712,1.0771,98.447,0.98581,37.058,0.95,90,0.56137,0.18514,0.26593,0.18241,0.21028,0.57031,0.13355,0.2344,0.16556,0.54743,0.095698,0.33021,0.79119,0.54888,0.1776,685.9
0.94635,108.38,1.0633,73.31,1.1144,66.9,0.98336,83.364,0.6248,0.75664,1.0182,110.75,0.83583,161.11,0.91813,80.746,1.1842,68.239,0.54665,62.712,1.0771,98.447,0.98581,37.058,0.95,90,0.56137,0.18514,0.26593,0.18241,0.21028,0.57031,0.11997,0.23512,0.16556,0.54743,0.095698,0.33021,0.79119,0.54888,0.1776,684.58
0.9,124.34,1.0633,73.31,1.1144,66.9,0.98336,83.364,0.6248,0.75664,1.0182,110.75,0.83583,161.11,0.91813,80.746,1.1842,68.239,0.54665,62.712,1.0771,98.447,0.98581,37.058,0.95,90,0.56137,0.18514,0.26593,0.18241,0.21028,0.57031,0.13298,0.2344,0.16556,0.54743,0.095698,0.33021,0.79119,0.54888,0.1776,685.84
0.9,108.38,1.1046,73.31,1.1144,66.9,0.98336,83.364,0.6248,0.75664,1.0182,110.75,0.83583,161.11,0.91813,80.746,1.1842,68.239,0.54665,62.712,1.0771,98.447,0.98581,37.058,0.95,90,0.55152,0.18233,0.25144,0.18127,0.20871,0.56322,0.13356,0.22889,0.16384,0.5407,0.094287,0.32197,0.82035,0.58239,0.17751,691.28
0.9,108.38,1.0633,86.322,1.1144,66.9,0.98336,83.364,0.6248,0.75664,1.0182,110.75,0.83583,161.11,0.91813,80.746,1.1842,68.239,0.54665,62.712,1.0771,98.447,0.98581,37.058,0.95,90,0.55768,0.18354,0.26373,0.18196,0.20965,0.56904,0.13381,0.23417,0.16628,0.54877,0.095087,0.32915,0.79513,0.5489,0.17303,683.39
0.9,108.38,1.0633,73.31,1.1411,66.9,0.98336,83.364,0.6248,0.75664,1.0182,110.75,0.83583,161.11,0.91813,80.746,1.1842,68.239,0.54665,62.712,1.0771,98.447,0.98581,37.058,0.95,90,0.55179,0.18432,0.25104,0.18204,0.21266,0.56705,0.13568,0.22588,0.16702,0.54214,0.094889,0.31811,0.82242,0.59557,0.18036,696.63
0.9,108.38,1.0633,73.31,1.1144,78.455,0.98336,83.364,0.6248,0.75664,1.0182,110.75,0.83583,161.11,0.91813,80.746,1.1842,68.239,0.54665,62.712,1.0771,98.447,0.98581,37.058,0.95,90,0.55106,0.18437,0.25581,0.18203,0.21168,0.56424,0.13408,0.22924,0.16605,0.54047,0.095134,0.32343,0.80086,0.57,0.18177,688.46
0.9,108.38,1.0633,73.31,1.1144,66.9,1.0428,83.364,0.6248,0.75664,1.0182,110.75,0.83583,161.11,0.91813,80.746,1.1842,68.239,0.54665,62.712,1.0771,98.447,0.98581,37.058,0.95,90,0.55903,0.18387,0.2659,0.18232,0.20925,0.56868,0.13452,0.23437,0.16644,0.54905,0.095626,0.33012,0.81168,0.52476,0.18914,689.24
0.9,108.38,1.0633,73.31,1.1144,66.9,0.98336,95.671,0.6248,0.75664,1.0182,110.75,0.83583,161.11,0.91813,80.746,1.1842,68.239,0.54665,62.712,1.0771,98.447,0.98581,37.058,0.95,90,0.55975,0.18429,0.26549,0.18227,0.20962,0.56966,0.13381,0.23393,0.16413,0.54478,0.095708,0.33022,0.79111,0.54879,0.1776,684.98
0.9,108.38,1.0633,73.31,1.1144,66.9,0.98336,83.364,0.65996,0.75664,1.0182,110.75,0.83583,161.11,0.91813,80.746,1.1842,68.239,0.54665,62.712,1.0771,98.447,0.98581,37.058,0.95,90,0.56137,0.18514,0.26593,0.18241,0.21028,0.57031,0.13355,0.2344,0.16556,0.54743,0.095698,0.33021,0.79119,0.54888,0.1776,685.9
0.9,108.38,1.0633,73.31,1.1144,66.9,0.98336,83.364,0.6248,0.82811,1.0182,110.75,0.83583,161.11,0.91813,80.746,1.1842,68.239,0.54665,62.712,1.0771,98.447,0.98581,37.058,0.95,90,0.56137,0.18514,0.26593,0.18241,0.21028,0.57031,0.13355,0.2344,0.16556,0.54743,0.095698,0.33021,0.79119,0.54888,0.1776,685.9
0.9,108.38,1.0633,73.31,1.1144,66.9,0.98336,83.364,0.6248,0.75664,1.0715,110.75,0.83583,161.11,0.91813,80.746,1.1842,68.239,0.54665,62.712,1.0771,98.447,0.98581,37.058,0.95,90,0.55578,0.18205,0.25729,0.17167,0.21011,0.57051,0.11754,0.23448,0.16309,0.54299,0.081046,0.32293,0.78949,0.64077,0.12602,675.17
0.9,108.38,1.0633,73.31,1.1144,66.9,0.98336,83.364,0.6248,0.75664,1.0182,132.38,0.83583,161.11,0.91813,80.746,1.1842,68.239,0.54665,62.712,1.0771,98.447,0.98581,37.058,0.95,90,0.55876,0.18374,0.26561,0.18224,0.21083,0.57171,0.13345,0.2344,0.16653,0.54914,0.095553,0.33014,0.79806,0.54301,0.17656,685.22
0.9,108.38,1.0633,73.31,1.1144,66.9,0.98336,83.364,0.6248,0.75664,1.0182,110.75,0.86641,161.11,0.91813,80.746,1.1842,68.239,0.54665,62.712,1.0771,98.447,0.98581,37.058,0.95,90,0.55383,0.17649,0.26481,0.18194,0.2054,0.56898,0.13355,0.2344,0.15627,0.53877,0.092806,0.32685,0.79119,0.54888,0.1776,680.88
0.9,108.38,1.0633,73.31,1.1144,66.9,0.98336,83.364,0.6248,0.75664,1.0182,110.75,0.83583,174.55,0.91813,80.746,1.1842,68.239,0.54665,62.712,1.0771,98.447,0.98581,37.058,0.95,90,0.56072,0.18411,0.26593,0.18241,0.21068,0.57241,0.13355,0.2344,0.16448,0.5466,0.095661,0.33016,0.79119,0.54888,0.1776,685.65
0.9,108.38,1.0633,73.31,1.1144,66.9,0.98336,83.364,0.6248,0.75664,1.0182,110.75,0.83583,161.11,0.99096,80.746,1.1842,68.239,0.54665,62.712,1.0771,98.447,0.98581,37.058,0.95,90,0.559,0.18388,0.26509,0.18217,0.21173,0.57352,0.1338,0.23393,0.16539,0.54699,0.095437,0.3299,0.79112,0.54901,0.1776,685.34
0.9,108.38,1.0633,73.31,1.1144,66.9,0.98336,83.364,0.6248,0.75664,1.0182,110.75,0.83583,161.11,0.91813,88.747,1.1842,68.239,0.54665,62.712,1.0771,98.447,0.98581,37.058,0.95,90,0.56137,0.18514,0.26593,0.18241,0.21028,0.57031,0.13355,0.2344,0.16556,0.54743,0.095698,0.33021,0.79119,0.54888,0.1776,685.9
0.9,108.38,1.0633,73.31,1.1144,66.9,0.98336,83.364,0.6248,0.75664,1.0182,110.75,0.83583,161.11,0.91813,80.746,1.2315,68.239,0.54665,62.712,1.0771,98.447,0.98581,37.058,0.95,90,0.55941,0.18409,0.26435,0.18194,0.21069,0.57126,0.13201,0.23453,0.16515,0.54666,0.094396,0.32886,0.7872,0.54705,0.18451,686.3
0.9,108.38,1.0633,73.31,1.1144,66.9,0.98336,83.364,0.6248,0.75664,1.0182,110.75,0.83583,161.11,0.91813,80.746,1.1842,75.665,0.54665,62.712,1.0771,98.447,0.98581,37.058,0.95,90,0.55779,0.18322,0.26591,0.18237,0.21133,0.57234,0.13463,0.23445,0.16441,0.54531,0.095635,0.33013,0.7938,0.52855,0.18297,683.67
0.9,108.38,1.0633,73.31,1.1144,66.9,0.98336,83.364,0.6248,0.75664,1.0182,110.75,0.83583,161.11,0.91813,80.746,1.1842,68.239,0.60447,62.712,1.0771,98.447,0.98581,37.058,0.95,90,0.56137,0.18514,0.26593,0.18241,0.21028,0.57031,0.13355,0.2344,0.16556,0.54743,0.095698,0.33021,0.79119,0.54888,0.1776,685.9
0.9,108.38,1.0633,73.31,1.1144,66.9,0.98336,83.364,0.6248,0.75664,1.0182,110.75,0.83583,161.11,0.91813,80.746,1.1842,68.239,0.54665,69.413,1.0771,98.447,0.98581,37.058,0.95,90,0.56137,0.18514,0.26593,0.18241,0.21028,0.57031,0.13355,0.2344,0.16556,0.54743,0.095698,0.33021,0.79119,0.54888,0.1776,685.9
0.9,108.38,1.0633,73.31,1.1144,66.9,0.98336,83.364,0.6248,0.75664,1.0182,110.75,0.83583,161.11,0.91813,80.746,1.1842,68.239,0.54665,62.712,1.1157,98.447,0.98581,37.058,0.95,90,0.57376,0.19126,0.28498,0.18761,0.21748,0.58549,0.13809,0.25039,0.17172,0.55896,0.10479,0.34667,0.69063,0.65577,0.17046,697.38
0.9,108.38,1.0633,73.31,1.1144,66.9,0.98336,83.364,0.6248,0.75664,1.0182,110.75,0.83583,161.11,0.91813,80.746,1.1842,68.239,0.54665,62.712,1.0771,99.892,0.98581,37.058,0.95,90,0.55854,0.1836,0.26627,0.1825,0.2121,0.57397,0.13472,0.23516,0.16488,0.54627,0.095822,0.33042,0.79089,0.54784,0.1749,684.32
0.9,108.38,1.0633,73.31,1.1144,66.9,0.98336,83.364,0.6248,0.75664,1.0182,110.75,0.83583,161.11,0.91813,80.746,1.1842,68.239,0.54665,62.712,1.0771,98.447,1.032,37.058,0.95,90,0.56055,0.18471,0.26572,0.18233,0.21082,0.57165,0.13344,0.23422,0.16653,0.54927,0.095498,0.32994,0.7953,0.54542,0.17755,686.01
0.9,108.38,1.0633,73.31,1.1144,66.9,0.98336,83.364,0.6248,0.75664,1.0182,110.75,0.83583,161.11,0.91813,80.746,1.1842,68.239,0.54665,62.712,1.0771,98.447,0.98581,43.635,0.95,90,0.56109,0.18489,0.26573,0.18234,0.21074,0.57154,0.13381,0.23393,0.16564,0.54752,0.095708,0.33022,0.79108,0.54908,0.17762,685.92
0.9,108.38,1.0633,73.31,1.1144,66.9,0.98336,83.364,0.6248,0.75664,1.0182,110.75,0.83583,161.11,0.91813,80.746,1.1842,68.239,0.54665,62.712,1.0771,98.447,0.98581,37.058,0.99326,90,0.55563,0.16582,0.25694,0.16118,0.17009,0.54185,0.11875,0.23021,0.14683,0.54553,0.053421,0.32458,0.78505,0.52005,0.17881,658.77
0.9,108.38,1.0633,73.31,1.1144,66.9,0.98336,83.364,0.6248,0.75664,1.0182,110.75,0.83583,161.11,0.91813,80.746,1.1842,68.239,0.54665,62.712,1.0771,98.447,0.98581,37.058,0.95,89.877,0.55819,0.1835,0.26594,0.18242,0.21158,0.57287,0.13356,0.23439,0.16483,0.54604,0.095813,0.33028,0.79111,0.54909,0.17762,685.27
0.90362,109.75,1.0668,74.247,1.117,67.709,0.98847,84.339,0.627,0.76193,1.0231,112.44,0.83817,162.4,0.92356,81.451,1.1888,68.797,0.55035,63.198,1.0296,98.732,0.98937,37.498,0.95359,89.999,0.53906,0.17228,0.23387,0.17304,0.17422,0.52608,0.12517,0.21061,0.15378,0.52811,0.077808,0.30475,0.9144,0.49122,0.18486,675.76
0.9039,109.85,1.0671,74.319,1.0735,67.772,0.98886,84.414,0.62717,0.76234,1.0235,112.57,0.83835,162.49,0.92398,81.505,1.1891,68.84,0.55064,63.236,1.0737,98.753,0.98964,37.533,0.95386,89.999,0.57123,0.18206,0.28532,0.18043,0.20917,0.58346,0.12259,0.24269,0.16095,0.55436,0.093346,0.34813,0.75024,0.49683,0.17534,672.14
0.9042,109.96,1.0155,74.397,1.1119,67.839,0.98928,84.495,0.62736,0.76278,1.0239,112.71,0.83855,162.6,0.92443,81.563,1.1895,68.887,0.55095,63.276,1.0734,98.775,0.98994,37.57,0.95416,89.999,0.5611,0.1812,0.27401,0.18102,0.20825,0.57359,0.13146,0.23449,0.16325,0.54979,0.0913,0.33171,0.785,0.55193,0.17028,682.64
0.90453,110.09,1.0604,74.482,1.1117,67.913,0.913,84.581,0.62756,0.76325,1.0243,112.87,0.83876,162.71,0.92491,81.625,1.1899,68.937,0.55129,63.32,1.0731,98.799,0.99025,37.61,0.95447,89.999,0.55847,0.18135,0.26309,0.17912,0.20734,0.56878,0.13007,0.23348,0.16301,0.54735,0.089981,0.32849,0.78594,0.55073,0.17129,679.15
0.90487,110.22,1.0602,74.573,1.1115,58.087,0.97957,84.675,0.62778,0.76376,1.0248,113.03,0.83898,162.83,0.92544,81.691,1.1903,68.99,0.55166,63.367,1.0728,98.824,0.9906,37.653,0.95482,89.999,0.56432,0.17976,0.27289,0.1793,0.20767,0.57843,0.12763,0.23626,0.16228,0.55348,0.090508,0.33542,0.77784,0.53218,0.17656,679.96
0.90525,110.35,1.0599,74.671,1.1113,66.399,0.97928,84.776,0.62801,0.76431,1.0253,113.2,0.83922,162.96,0.926,81.763,1.1166,69.048,0.55205,63.418,1.0725,98.851,0.99097,37.7,0.95518,89.998,0.56189,0.18217,0.26471,0.1786,0.20794,0.5718,0.12974,0.23391,0.1633,0.54945,0.089232,0.32955,0.78045,0.59847,0.14351,677.84
0.90565,110.51,1.0596,74.776,1.111,66.361,0.97897,84.884,0.62827,0.76491,1.0258,113.39,0.83949,163.1,0.92661,81.84,1.1818,69.111,0.55248,63.473,1.0722,98.88,0.94286,37.75,0.95558,89.998,0.56094,0.18138,0.2644,0.17842,0.20541,0.56755,0.12984,0.23351,0.16229,0.5482,0.088573,0.32915,0.78769,0.56341,0.16539,679.96
0.90609,110.67,1.0594,74.891,1.1108,66.32,0.97863,85.001,0.62855,0.76555,1.0264,113.6,0.83977,163.25,0.92727,81.923,1.1816,69.178,0.55294,63.532,1.0718,98.91,0.9844,32.659,0.956,89.998,0.55934,0.18041,0.26437,0.17811,0.20537,0.56772,0.12951,0.23342,0.16169,0.54751,0.088043,0.32913,0.78824,0.56318,0.16507,679.26
0.90656,110.84,1.0591,75.014,1.1105,66.276,0.97826,85.126,0.62884,0.76624,1.027,113.81,0.84007,163.41,0.92798,82.012,1.1814,69.251,0.55344,57.341,1.0714,98.943,0.98429,36.942,0.95646,89.998,0.55899,0.17969,0.2641,0.17774,0.20598,0.56953,0.12848,0.23394,0.16226,0.54909,0.087356,0.32895,0.78459,0.5519,0.17092,678.51
0.90706,111.03,1.0587,75.146,1.1102,66.228,0.97786,85.261,0.62917,0.76698,1.0277,114.05,0.8404,163.58,0.92874,82.108,1.1812,69.329,0.51283,62.65,1.0709,98.977,0.98417,36.933,0.95695,89.997,0.561,0.18056,0.26403,0.17737,0.20623,0.57069,0.1283,0.23369,0.16224,0.54971,0.086872,0.32903,0.78734,0.54393,0.16852,676.98
0.9076,111.23,1.0584,75.289,1.1099,66.177,0.97744,85.407,0.62952,0.76778,1.0284,114.3,0.84075,163.77,0.92956,71.519,1.181,69.414,0.54673,62.645,1.0704,99.013,0.98405,36.924,0.95748,89.997,0.55891,0.17913,0.26387,0.17694,0.20487,0.56872,0.12758,0.23314,0.1604,0.54727,0.086059,0.32884,0.78639,0.55294,0.16861,677.27
0.90819,111.44,1.058,75.444,1.1095,66.122,0.97698,85.563,0.62989,0.69887,1.0292,114.58,0.84113,163.96,0.93045,80.876,1.1807,69.505,0.54673,62.64,1.0699,99.051,0.98391,36.913,0.95805,89.996,0.55861,0.1786,0.26398,0.17657,0.20434,0.56878,0.12645,0.23359,0.15988,0.54708,0.085312,0.32877,0.79206,0.5407,0.16607,674.52
0.90882,111.67,1.0576,75.611,1.1091,66.063,0.97648,85.732,0.606,0.75852,1.03,114.87,0.84154,164.17,0.9314,80.886,1.1804,69.603,0.54674,62.634,1.0693,99.092,0.98377,36.902,0.95866,89.996,0.56017,0.179,0.26366,0.17606,0.20376,0.56817,0.12687,0.23276,0.16014,0.54819,0.084567,0.32876,0.78499,0.55206,0.1659,675.47
0.90949,111.92,1.0571,75.791,1.1087,65.999,0.97595,85.913,0.62598,0.75866,1.0309,115.19,0.84198,164.4,0.93243,80.896,1.1801,69.708,0.54675,62.629,1.0687,99.134,0.98361,36.89,0.95932,89.995,0.56039,0.17874,0.2635,0.17557,0.20418,0.56979,0.12602,0.23254,0.15947,0.5478,0.083696,0.32873,0.78759,0.54858,0.16731,675.65
0.91022,92.002,1.0567,75.985,1.1082,65.93,0.97537,86.109,0.62608,0.75882,1.0318,115.53,0.84246,164.64,0.93354,80.908,1.1798,69.822,0.54675,62.622,1.0681,99.179,0.98344,36.878,0.96003,89.994,0.55951,0.17775,0.26339,0.17504,0.20354,0.5693,0.1263,0.23274,0.15929,0.54831,0.08259,0.32846,0.79092,0.54413,0.16761,675.03
0.91101,109.7,1.0561,76.195,1.1077,65.857,0.97475,86.319,0.62618,0.75899,1.0328,115.89,0.84297,144.73,0.93474,80.92,1.1795,69.945,0.54676,62.615,1.0674,99.226,0.98326,36.864,0.96079,89.993,0.56351,0.18065,0.26329,0.17444,0.20477,0.57064,0.12429,0.232,0.16055,0.54928,0.081572,0.32848,0.79509,0.53885,0.16723,675.69
0.91185,109.8,1.0556,76.421,1.1072,65.778,0.97408,86.545,0.62628,0.75917,1.0339,116.29,0.84352,162.65,0.86318,80.934,1.1791,70.077,0.54677,62.608,1.0666,99.275,0.98306,36.849,0.9616,89.992,0.5618,0.17807,0.26325,0.17375,0.20274,0.56941,0.12392,0.23324,0.15874,0.54894,0.080342,0.32826,0.79676,0.53659,0.16486,673.37
0.91276,109.91,1.055,76.666,1.1066,65.693,0.97336,86.788,0.6264,0.75936,1.035,116.71,0.84411,162.76,0.926,80.948,1.1787,70.22,0.54678,62.6,1.0658,99.326,0.98285,36.833,0.96248,89.92,0.55804,0.17548,0.26309,0.17309,0.20397,0.5724,0.12186,0.23326,0.15864,0.54986,0.07904,0.32822,0.79881,0.53262,0.16478,671.82
0.91374,110.02,1.0543,76.93,1.106,65.601,0.97258,87.05,0.62652,0.75957,1.0362,93.613,0.84475,162.89,0.92661,80.964,1.1783,70.374,0.54679,62.591,1.0649,99.379,0.98263,36.816,0.96342,89.998,0.5619,0.17688,0.26406,0.1731,0.19019,0.5606,0.12129,0.23314,0.15692,0.54793,0.078407,0.32854,0.7965,0.53813,0.16205,670.12
0.91479,110.15,1.0536,77.215,1.1053,65.503,0.97174,73.685,0.62666,0.7598,1.0376,114.16,0.84544,163.02,0.92726,80.98,1.1778,70.54,0.5468,62.582,1.0639,99.433,0.98238,36.797,0.96443,89.997,0.56096,0.17568,0.26268,0.17159,0.1853,0.55556,0.1195,0.23277,0.15742,0.55009,0.076062,0.32802,0.80763,0.52893,0.15885,667.45
0.86552,110.28,1.0529,77.524,1.1046,65.398,0.97083,85.627,0.62681,0.76004,1.0389,114.42,0.84618,163.16,0.92797,80.998,1.1773,70.719,0.54681,62.572,1.0629,99.489,0.98212,36.777,0.96551,89.997,0.55965,0.17438,0.26251,0.17073,0.17845,0.55241,0.13404,0.23179,0.15607,0.5491,0.074287,0.32769,0.80424,0.53248,0.15741,666.59
0.90965,110.43,1.0521,77.857,1.1038,65.284,0.96985,85.801,0.62696,0.76031,1.0404,114.7,0.84698,163.32,0.92873,81.018,1.1768,70.912,0.54682,62.561,1.0618,94.503,0.98183,36.756,0.96667,89.997,0.55985,0.17366,0.26104,0.16943,0.17651,0.54557,0.11699,0.23067,0.15385,0.54667,0.071538,0.3266,0.81387,0.51421,0.16108,662.9
0.91039,110.58,1.0512,78.218,1.1029,65.163,0.96879,85.987,0.62713,0.76059,1.042,115,0.84784,163.48,0.92956,81.039,1.1762,63.468,0.54684,62.55,1.0605,99.224,0.98153,36.733,0.96792,89.996,0.56178,0.17386,0.26173,0.1685,0.18243,0.55468,0.11261,0.23101,0.15427,0.54894,0.06989,0.32721,0.80846,0.53792,0.14545,661.41
0.91119,110.75,1.0502,65.914,1.102,65.032,0.96765,86.188,0.62732,0.76089,1.0437,115.33,0.84877,163.66,0.93044,81.061,1.1755,70.162,0.54685,62.537,1.0592,99.273,0.9812,36.708,0.96925,89.995,0.56139,0.17221,0.26231,0.1674,0.17856,0.5516,0.11099,0.23076,0.15253,0.54828,0.067206,0.3269,0.81823,0.52016,0.15124,660.68
0.90753,109.24,1.0957,75.767,1.104,63.954,0.95967,85.194,0.62476,0.75464,1.0401,113.57,0.84682,162.29,0.92456,80.194,1.1687,69.604,0.54242,61.928,1.062,99.052,0.97643,36.162,0.96644,89.999,0.55231,0.17182,0.24757,0.16891,0.17677,0.54259,0.1226,0.22661,0.15426,0.54373,0.069803,0.31808,0.818,0.55464,0.15961,666.31
0.9123,110.87,1.0556,77.085,1.1003,64.602,0.96409,86.458,0.62731,0.76059,1.0466,115.75,0.81792,163.82,0.93141,80.98,1.1732,70.367,0.54621,62.42,1.0569,99.34,0.97981,36.575,0.97159,89.995,0.5642,0.17769,0.25861,0.16443,0.18322,0.5536,0.10522,0.2295,0.1588,0.55273,0.063128,0.32531,0.81436,0.51964,0.14611,658.11
0.91843,112.09,1.0516,79.04,1.0926,63.505,0.95413,87.991,0.62861,0.76258,1.0588,118.23,0.79584,165.11,0.93813,81.097,1.1675,71.445,0.54599,62.275,1.0463,99.647,0.97682,36.339,0.98175,89.988,0.56863,0.17762,0.25533,0.15179,0.18012,0.55464,0.093676,0.22862,0.15872,0.55745,0.054033,0.32373,0.80255,0.53773,0.13983,653.6
0.90848,109.2,1.0581,76.121,1.1021,75.921,0.96606,85.411,0.62441,0.75342,1.0435,113.87,0.84133,162.33,0.92501,79.97,1.1646,69.793,0.54106,61.7,1.0594,99.122,0.97401,35.926,0.96912,89.998,0.5513,0.17332,0.24969,0.16698,0.17724,0.53873,0.11778,0.22625,0.15422,0.54051,0.065863,0.31847,0.81932,0.53873,0.14812,657.79
0.90792,108.8,1.0585,76.017,1.1019,66.268,0.96568,85.242,0.62367,0.75143,1.0439,113.55,0.84096,161.99,0.92371,79.666,1.1726,69.724,0.53951,61.466,1.0591,99.09,1.0255,35.709,0.9694,89.999,0.56079,0.17461,0.25726,0.16673,0.18018,0.55049,0.11377,0.23011,0.15548,0.54891,0.066082,0.32431,0.82258,0.51668,0.15029,659.95
0.90763,108.49,1.0587,75.989,1.1015,66.305,0.96502,85.144,0.62307,0.74973,1.0447,113.34,0.84077,161.74,0.92279,79.399,1.1721,69.699,0.53816,61.257,1.0585,99.076,0.98579,42.692,0.97,89.999,0.56055,0.17424,0.25681,0.1661,0.17996,0.55057,0.11293,0.2301,0.15512,0.54916,0.065061,0.32424,0.82083,0.52017,0.15035,659.86
0.90943,108.96,1.0576,76.524,1.0996,64.657,1.0266,85.606,0.62364,0.75094,1.0479,114.1,0.84194,162.22,0.92497,79.539,1.1614,70.001,0.53865,61.302,1.0559,99.192,0.97961,36.433,0.97261,89.998,0.56031,0.17171,0.25751,0.1637,0.17732,0.54971,0.10947,0.22987,0.15335,0.5499,0.061925,0.32462,0.81151,0.51718,0.14672,654.44
0.90762,108.04,1.0588,76.098,1.1001,66.101,0.97332,85.099,0.6221,0.74688,1.0471,113.18,0.84077,161.4,0.92169,78.929,1.1693,69.742,0.53578,68.43,1.0565,99.085,0.9852,37.039,0.97194,89.999,0.55951,0.17249,0.25621,0.16414,0.17844,0.54984,0.10889,0.22828,0.15489,0.55018,0.062351,0.32369,0.81448,0.52176,0.15513,659.16
0.90911,108.36,1.0578,76.558,1.0983,65.955,0.97182,85.474,0.62241,0.74743,1.0501,113.79,0.84173,161.75,0.92332,78.971,1.2218,70,0.5358,61.891,1.054,99.182,0.97811,36.265,0.97438,89.999,0.55899,0.17084,0.25453,0.16289,0.17612,0.54823,0.11518,0.22985,0.15337,0.55038,0.058142,0.32244,0.80999,0.50206,0.16352,656.72
0.90687,107.24,1.0593,76.027,1.099,66.16,0.97325,84.848,0.6206,0.74255,1.049,112.65,0.84028,160.74,0.91932,88.038,1.1773,69.678,0.53969,62.59,1.055,99.048,0.98454,36.956,0.97349,90,0.55843,0.17142,0.25474,0.16255,0.17677,0.548,0.10532,0.22788,0.15327,0.54878,0.060464,0.32288,0.82144,0.51508,0.1563,657.81
0.9074,107.15,1.059,76.24,1.0977,66.103,0.97246,84.962,0.62029,0.74148,1.0511,112.79,0.84062,160.71,0.91941,79.687,1.1767,69.789,0.59356,62.581,1.0532,99.088,0.98444,36.948,0.97521,90,0.56014,0.1714,0.25429,0.16082,0.17459,0.5461,0.10397,0.22684,0.15145,0.54748,0.058707,0.32246,0.81996,0.50912,0.15425,654.64
0.91112,108.26,1.0501,77.321,1.0878,64.563,0.96013,85.93,0.62169,0.7448,1.0567,114.43,0.84304,161.81,0.92425,80.237,1.1676,70.404,0.54157,61.995,1.093,99.316,0.97889,36.363,0.97989,89.998,0.57581,0.17474,0.28287,0.16425,0.20467,0.59125,0.10563,0.25229,0.15304,0.55914,0.062976,0.34536,0.72284,0.55136,0.14102,656.92
0.90375,108.2,1.0605,75.43,1.0972,66.252,0.97323,83.918,0.62211,0.74658,1.0504,110.86,0.83826,174.83,0.91243,80.725,1.1766,69.286,0.54457,62.52,1.0608,98.856,0.98464,36.937,0.97464,90,0.56003,0.17121,0.25817,0.16268,0.17803,0.5517,0.10824,0.23134,0.15299,0.55016,0.060364,0.32571,0.80354,0.52061,0.15073,655.06
0.90483,105.59,1.0598,75.804,1.0952,66.129,0.97182,84.172,0.622,0.74598,1.0534,111.24,0.83895,161.93,0.91315,80.736,1.1757,69.489,0.54442,62.499,1.0588,98.94,0.98437,36.914,0.97716,90,0.56228,0.17163,0.2577,0.16018,0.18114,0.55686,0.10329,0.23076,0.15261,0.5513,0.057679,0.32518,0.80407,0.51943,0.15012,654.6
0.9052,105.37,1.0595,76,1.0936,66.07,0.97092,84.234,0.6554,0.74517,1.0558,111.27,0.83919,162,0.91277,80.735,1.175,69.586,0.54425,62.482,1.0573,98.974,0.98425,36.903,0.97913,90,0.56302,0.17086,0.25712,0.15794,0.17632,0.55242,0.10308,0.2296,0.15228,0.55254,0.054937,0.32465,0.80055,0.5217,0.14722,651.87
0.90339,102.08,1.0605,76.195,1.0852,66.074,0.96811,83.483,0.69622,0.73862,1.0667,109.47,0.83802,160.86,0.90365,80.659,1.1723,69.578,0.54303,62.407,1.0511,98.912,0.9845,36.903,0.98869,89.998,0.56353,0.16633,0.25539,0.14516,0.16778,0.54795,0.096315,0.23042,0.1451,0.54955,0.050509,0.32321,0.79021,0.55646,0.12012,640.85
0.91426,108.3,1.0535,78.613,1.0848,65.188,0.96262,86.605,0.62876,0.74563,1.0069,115.29,0.84509,164.98,0.92481,80.868,1.1701,71.071,0.54406,62.382,1.0469,99.506,0.98211,36.737,0.98961,89.997,0.55533,0.15846,0.26237,0.15886,0.15865,0.5398,0.1098,0.22425,0.13851,0.54374,0.054314,0.32827,0.81605,0.45668,0.17776,648.85
0.90436,123.24,1.06,76.049,1.0903,66.082,0.96988,83.903,0.62763,0.7425,1.0523,110.5,0.83865,161.5,0.90892,80.703,1.174,69.566,0.54376,62.453,1.0549,98.942,0.98438,36.905,0.98294,89.999,0.56031,0.16748,0.25717,0.15647,0.17064,0.54631,0.10458,0.22835,0.14813,0.54916,0.052129,0.32536,0.8023,0.50584,0.15117,648
0.9061,107.39,1.0588,76.641,1.0873,65.888,0.96769,84.323,0.62379,0.81192,1.0561,111.14,0.83978,162.03,0.91029,80.722,1.1725,69.888,0.54355,62.421,1.0518,99.069,0.98394,36.869,0.98651,90,0.56213,0.16607,0.25662,0.15238,0.16717,0.54542,0.1018,0.2288,0.14556,0.54913,0.05137,0.32457,0.79673,0.51474,0.14672,645.56
0.90199,108.89,1.0615,75.678,1.0883,66.241,0.97014,83.163,0.62705,0.74957,1.0537,109.02,0.83712,163.33,0.98663,80.647,1.1737,69.302,0.54327,62.438,1.0541,98.799,0.98486,36.935,0.98515,89.997,0.56128,0.16709,0.25665,0.15461,0.1704,0.54789,0.10526,0.22884,0.14674,0.54856,0.051161,0.32485,0.80034,0.50235,0.15235,647.09
0.9098,108.76,1.0493,77.925,1.1196,64.212,0.95316,85.206,0.62615,0.74551,1.0638,112.47,0.84218,163.54,0.92517,79.996,1.1614,70.58,0.53916,61.764,1.045,99.313,0.97794,36.233,0.99406,90,0.55044,0.16016,0.23572,0.14345,0.16084,0.53175,0.088592,0.21893,0.13952,0.53782,0.050544,0.30348,0.8153,0.56336,0.12701,637.67
0.91274,108.21,1.0401,79.785,1.1355,62.556,0.93433,85.602,0.62564,0.7373,1.0788,112.42,0.8441,164.05,0.92577,79.22,1.1461,71.459,0.53394,61.05,1.0298,99.531,0.97213,35.625,1.011,90,0.54012,0.1477,0.21839,0.11965,0.14255,0.51546,0.078648,0.20922,0.12648,0.52777,0.081932,0.2859,0.8654,0.52105,0.10821,618.89
0.90093,108.58,1.0605,75.775,1.0931,65.957,0.96647,82.729,0.62686,0.74671,1.0583,107.99,0.83643,163.38,0.92313,80.434,1.1704,69.29,0.54171,62.265,1.0507,98.759,0.98387,36.808,0.99036,89.888,0.55707,0.1633,0.25136,0.14964,0.16466,0.54202,0.10006,0.22609,0.14456,0.54742,0.04845,0.31956,0.79773,0.52098,0.1473,643.17
0.89896,108.35,1.0616,75.427,1.0928,66.077,0.96679,82.129,0.62676,0.74553,1.0588,132,0.83516,163.29,0.92226,80.378,1.1702,69.055,0.54132,62.248,1.0505,98.627,0.9842,36.825,0.99146,89.999,0.55865,0.16414,0.25008,0.14598,0.16474,0.54247,0.098605,0.22691,0.14429,0.54722,0.048165,0.31828,0.8077,0.534,0.12764,639.48
0.89668,108.08,1.0629,75.012,1.0925,66.221,0.96725,95.77,0.62663,0.74423,1.0592,113.08,0.8337,163.18,0.92122,80.314,1.1701,68.778,0.5409,62.232,1.0505,98.465,0.98458,36.846,0.99251,89.999,0.55829,0.16388,0.24969,0.14719,0.15893,0.53876,0.10048,0.22596,0.14417,0.54716,0.048024,0.31814,0.79087,0.52772,0.14031,639.21
0.94786,107.77,1.0644,74.524,1.0924,66.393,0.96789,85.021,0.62647,0.7428,1.0595,112.71,0.83201,163.04,0.92001,80.242,1.1701,68.455,0.54045,62.216,1.0506,98.266,0.98504,36.871,0.99349,90,0.55792,0.16363,0.24892,0.1465,0.17253,0.54496,0.07538,0.22799,0.14414,0.54747,0.047822,0.31733,0.7932,0.53118,0.14244,640.11
0.90954,108.71,1.014,76.157,1.0921,68.132,0.97946,85.442,0.62873,0.74718,1.0598,113.5,0.83026,163.95,0.92305,81.049,1.1788,69.469,0.54459,62.887,1.0506,98.82,0.99142,37.575,0.99461,89.999,0.56348,0.16465,0.26011,0.14693,0.16842,0.54674,0.096039,0.22964,0.14554,0.55262,0.050571,0.32329,0.77179,0.52865,0.13583,638.97
0.90742,107.37,1.0598,73.984,1.0914,66.924,0.97025,84.807,0.62658,0.74066,1.0609,112.27,0.82883,162.99,0.91847,80.229,1.1709,68.07,0.54012,62.273,1.05,99.832,0.98672,37.011,0.99638,90,0.5592,0.16347,0.25038,0.14419,0.16464,0.54279,0.093503,0.22754,0.14434,0.54907,0.050651,0.318,0.78704,0.52256,0.13537,635.93
0.90644,106.96,1.0614,73.327,1.0914,67.19,0.97142,84.528,0.62637,0.73889,1.0609,111.76,0.82656,162.78,0.91682,80.145,1.1711,76.238,0.53962,62.264,1.0504,99.037,0.98743,37.056,0.99732,90,0.55888,0.16358,0.24946,0.14407,0.15626,0.53723,0.095574,0.22583,0.14366,0.54835,0.051534,0.31769,0.78133,0.54495,0.13233,636.78
0.90528,106.49,1.0631,87.683,1.0915,67.499,0.97284,84.198,0.62612,0.73694,1.0607,111.16,0.82399,162.53,0.91491,80.05,1.1714,69.634,0.53907,62.255,1.0511,98.961,0.98824,37.108,0.99817,90,0.55814,0.16409,0.2471,0.14377,0.1569,0.53767,0.093975,0.22564,0.14373,0.54671,0.051353,0.31666,0.78608,0.51784,0.14648,637.14
0.90835,108.3,1.0553,76.936,1.0908,66.319,0.97532,85.067,0.63014,0.74503,1.0618,112.76,0.8303,164.22,0.92088,81.461,1.1743,70.063,0.54633,63.413,1.0506,99.147,0.94242,38.325,1.0001,90,0.55999,0.16166,0.25177,0.1418,0.15514,0.53789,0.093123,0.22789,0.14198,0.54913,0.054214,0.3191,0.79485,0.53405,0.11465,630.48
0.90869,108.6,1.0548,77.039,1.0904,66.284,0.97675,85.159,0.63141,0.74635,1.0623,112.92,0.82969,164.64,0.92165,81.868,1.175,70.117,0.54849,63.807,1.0506,99.166,0.97737,32.631,1.0016,90,0.55997,0.16099,0.25194,0.14056,0.1556,0.53924,0.092035,0.22806,0.14092,0.54874,0.055853,0.31931,0.76369,0.53412,0.14829,637.63
0.90878,109.09,1.0545,77.001,1.0912,66.502,0.96878,85.209,0.63334,0.74915,1.0614,113.06,0.82886,165.18,0.92275,82.518,1.1781,70.102,0.5523,57.142,1.0521,99.164,0.97736,36.211,1.0021,89.999,0.56045,0.16138,0.25229,0.14143,0.15614,0.53906,0.092219,0.22796,0.14151,0.54933,0.05472,0.3193,0.78885,0.53272,0.12064,631.64
0.91705,108.81,1.0491,80.218,1.0719,65.681,0.95722,87.074,0.6309,0.73897,1.0828,115.66,0.8332,165.74,0.92669,80.922,1.1622,71.776,0.54119,61.522,1.0279,99.642,0.9761,36.131,0.98268,89.997,0.56168,0.16412,0.25607,0.1274,0.17512,0.55596,0.070453,0.23119,0.14391,0.54797,0.068835,0.32645,0.79495,0.5285,0.10403,627.91
0.91099,110.05,1.0524,77.685,1.0884,66.376,0.96648,85.772,0.63688,0.75268,1.0652,114,0.82826,166.42,0.92606,71.219,1.1685,70.473,0.5484,61.56,1.0497,99.293,0.97672,36.165,1.0021,89.999,0.56218,0.16184,0.25328,0.13766,0.15644,0.54065,0.08769,0.2296,0.14203,0.55116,0.058398,0.32002,0.78444,0.53674,0.12015,631.86
0.90958,108.17,1.0532,77.711,1.0838,58.018,0.9737,85.239,0.6332,0.74177,1.0709,112.78,0.82625,165.31,0.92044,80.455,1.1812,70.409,0.54749,62.435,1.0444,99.24,0.98748,37.233,1.0078,90,0.56639,0.1576,0.25788,0.12933,0.15297,0.54469,0.082806,0.23258,0.13682,0.55385,0.06776,0.32379,0.70934,0.53572,0.14406,626.96
0.90681,109.1,1.0614,76.535,1.0982,66.752,0.98045,84.664,0.63754,0.7501,1.061,112.1,0.82331,166.02,0.92091,80.206,1.1794,69.799,0.54741,62.17,1.0015,99.029,0.98323,36.837,1.0009,90,0.53975,0.15216,0.21215,0.12739,0.13573,0.51178,0.095209,0.19843,0.13166,0.52926,0.071793,0.28852,0.86646,0.51828,0.12148,623.71
0.90865,109.06,1.054,77.295,1.0877,65.391,0.96968,85.059,0.63792,0.74767,1.0676,112.61,0.82319,166.39,0.92164,81.526,1.1024,70.187,0.55498,62.297,1.0419,99.164,0.98441,36.984,1.0073,90,0.55894,0.15818,0.25008,0.12869,0.15198,0.53654,0.084829,0.22863,0.13789,0.54802,0.067806,0.31734,0.74748,0.50035,0.11218,610.7
0.90843,109.41,1.0521,77.666,1.0821,65.112,0.96861,84.852,0.64707,0.74779,1.075,112.03,0.81424,168.49,0.9208,82.742,1.0218,70.28,0.56598,62.501,1.0356,99.154,0.98757,37.356,1.0209,90,0.55761,0.15195,0.25142,0.11078,0.14389,0.53348,0.082276,0.22941,0.13126,0.54694,0.086667,0.31693,0.70184,0.40443,0.059506,558.88
0.91436,109.31,1.0506,78.625,1.0876,65.015,0.96789,86.681,0.64038,0.74861,1.0691,115.63,0.82473,147.74,0.93334,79.969,1.1561,70.983,0.54677,61.67,1.0328,99.456,0.97811,36.34,1.0104,89.996,0.5561,0.1551,0.2448,0.12332,0.14936,0.53335,0.081492,0.22479,0.13498,0.54574,0.073908,0.3122,0.79855,0.46975,0.11833,613.79
0.91125,110.5,1.0515,77.976,1.0863,65.077,0.96832,85.775,0.64472,0.75434,1.0698,113.91,0.82124,165.9,0.92729,81.021,1.1544,70.567,0.51247,61.542,1.0392,99.302,0.97782,36.283,1.0123,89.999,0.5579,0.15534,0.24869,0.12422,0.1508,0.53672,0.082424,0.22784,0.13547,0.54779,0.073545,0.31536,0.72763,0.54504,0.11716,616.28
0.91432,112.35,1.0501,78.593,1.0882,64.972,0.96869,86.683,0.64433,0.75041,1.069,115.68,0.82151,165.09,0.93478,80.002,1.1538,70.953,0.54083,61.549,1.0318,99.444,0.97739,36.269,1.0132,89.996,0.55525,0.15342,0.2437,0.12127,0.14732,0.53121,0.081562,0.22425,0.13263,0.54398,0.07712,0.31119,0.78455,0.51465,0.10318,612.77
0.9101,109.36,1.0518,78.016,1.0826,66.482,0.90001,85.338,0.64392,0.74541,1.0746,112.93,0.81713,165.05,0.92355,81.22,1.168,70.51,0.54693,62.774,1.033,99.252,0.98196,36.731,1.0191,90,0.55648,0.15236,0.24461,0.11507,0.14528,0.53252,0.082241,0.22556,0.13139,0.54539,0.084574,0.31181,0.74941,0.52106,0.095676,604.44
0.90042,105.91,1.0577,75.453,1.0893,67.974,0.97731,82.724,0.63901,0.73288,1.067,108.38,0.86741,162.14,0.90956,79.677,1.162,69.007,0.53958,61.825,1.0418,98.586,0.98516,36.858,1.0148,89.997,0.54495,0.13886,0.24326,0.12749,0.13415,0.52332,0.090869,0.22352,0.11758,0.53379,0.072851,0.31128,0.76134,0.51849,0.13227,614.29
0.90355,109.62,1.0562,75.625,1.0972,66.381,0.97022,83.829,0.63968,0.74841,1.0959,110.8,0.8175,162.06,0.92142,79.82,1.1587,69.216,0.54108,61.677,1.0408,98.749,0.98009,36.466,1.0103,90,0.5595,0.16275,0.24225,0.11348,0.16994,0.54838,0.077032,0.22632,0.14189,0.54595,0.084607,0.30836,0.71056,0.58477,0.080695,608.11
0.91339,90.778,1.0493,78.143,1.0924,65.503,0.963,86.526,0.64205,0.75203,1.0792,115.61,0.82207,165.52,0.93857,79.92,1.1533,70.69,0.54117,61.549,1.0314,99.36,0.97751,36.271,1.0174,89.995,0.55285,0.151,0.24089,0.11164,0.14368,0.52863,0.080444,0.22406,0.13106,0.54313,0.088005,0.30694,0.71892,0.54608,0.09378,599.98
0.91663,106.54,1.0469,78.718,1.0947,65.291,0.96218,87.514,0.64405,0.74512,1.0798,117.59,0.82242,163.97,0.86245,79.921,1.152,71.065,0.54148,61.496,1.0304,99.496,0.97646,36.193,1.0178,89.989,0.55183,0.15012,0.24005,0.11021,0.14401,0.52754,0.075461,0.22352,0.13053,0.54217,0.088988,0.30574,0.74237,0.51154,0.078623,590.49
0.91334,107.99,1.0487,77.891,1.0963,65.593,0.96423,86.612,0.6502,0.68611,1.0797,115.98,0.81855,165.34,0.92954,79.782,1.1516,70.563,0.54105,61.443,1.0312,99.325,0.9768,36.205,1.0189,89.994,0.55161,0.15093,0.2387,0.11061,0.14265,0.52604,0.078457,0.22225,0.13046,0.54124,0.089654,0.3046,0.71459,0.52241,0.11692,602.21
0.91944,106.75,1.046,78.946,1.0907,65.496,0.96529,88.479,0.64806,0.73808,1.0795,119.71,0.82042,164.22,0.91708,80.024,1.1524,71.266,0.54283,61.533,1.0308,99.578,0.97633,36.217,1.0178,89.915,0.55471,0.15182,0.24296,0.1098,0.14566,0.52981,0.072907,0.22586,0.13126,0.5441,0.089229,0.30796,0.7165,0.53346,0.10003,599.99
0.91823,113.29,1.0448,78.727,1.0988,65.337,0.96342,88.119,0.60355,0.74611,1.0737,119.03,0.81758,166.76,0.93801,79.746,1.1487,71.106,0.5415,61.328,1.0288,99.523,0.97508,36.075,1.021,89.995,0.55076,0.14986,0.23621,0.11152,0.14174,0.52437,0.077368,0.22028,0.12907,0.54036,0.089124,0.30266,0.79053,0.45955,0.10817,599.93
0.8708,108.35,1.0392,80.818,1.0925,64.947,0.96329,86.837,0.64224,0.74217,1.0804,116.3,0.82228,165.08,0.92261,80.13,1.1494,72.46,0.54419,61.446,1.0277,99.866,0.97379,36.046,1.0192,90,0.55496,0.15095,0.24266,0.10705,0.13015,0.52517,0.098168,0.22423,0.12992,0.54318,0.090367,0.30729,0.7027,0.55981,0.11276,607.79
0.91813,107.77,1.0404,80.282,1.092,65.168,0.96414,90.032,0.6432,0.73919,1.0821,95.511,0.81826,164.98,0.92039,79.975,1.1475,72.108,0.54352,61.354,1.0259,99.797,0.97382,36.031,1.0225,90,0.55237,0.1482,0.24039,0.10707,0.13853,0.52493,0.077548,0.22295,0.12738,0.54165,0.091848,0.30582,0.73489,0.52115,0.10221,599.47
0.92203,108.02,1.0372,81.141,1.0922,64.948,0.96342,75.602,0.64479,0.7401,1.0833,113.34,0.81851,165.22,0.92136,80.013,1.1458,72.651,0.54416,61.303,1.0241,99.897,0.97262,35.951,1.0237,90,0.55208,0.1472,0.24123,0.10026,0.13931,0.5252,0.073131,0.22359,0.12595,0.54066,0.09696,0.30525,0.7243,0.46666,0.11532,591
0.9102,107.32,1.085,80.322,1.0926,62.964,0.94949,85.567,0.64354,0.73666,1.0843,112.91,0.82094,164.57,0.9194,79.176,1.133,72.191,0.54045,60.561,1.0218,99.826,0.96448,35.188,1.024,90,0.54526,0.14542,0.22108,0.10084,0.13161,0.51784,0.081007,0.21332,0.12418,0.53547,0.10056,0.29309,0.71069,0.50812,0.10694,586.15
0.91116,107.35,1.0499,79.664,1.0945,64.399,0.95022,85.881,0.64139,0.73673,1.084,113.49,0.82083,163.88,0.92062,78.086,1.1341,71.693,0.53631,59.496,1.0196,99.695,0.97735,41.742,1.0202,90,0.54952,0.14785,0.23452,0.10005,0.1426,0.5263,0.078824,0.2206,0.12759,0.53913,0.09781,0.30093,0.64165,0.57569,0.073045,578.31
0.91502,109.5,1.0402,69.337,1.0936,63.058,0.95255,86.965,0.64926,0.74611,1.0864,115.43,0.82625,166,0.92786,79.838,1.1352,72.343,0.5452,60.708,1.0166,99.832,0.96578,36.126,1.0243,89.999,0.55311,0.14779,0.23937,0.093685,0.14843,0.53337,0.077049,0.22215,0.12686,0.54082,0.10075,0.30231,0.66246,0.52137,0.12237,593.6
0.91452,109.24,1.0404,82.673,1.0939,63.033,0.95255,86.824,0.65094,0.7447,1.0877,115.11,0.82366,166.01,0.92678,79.72,1.1326,65.626,0.54506,60.583,1.0146,99.837,0.96493,36.105,1.0266,89.999,0.54825,0.142,0.23678,0.088512,0.13224,0.5207,0.077769,0.22001,0.12166,0.53867,0.10617,0.30076,0.7128,0.53435,0.050991,572.67
0.91409,108.97,1.0405,82.646,1.0942,62.989,0.95238,86.703,0.65282,0.74322,1.0891,114.81,0.82102,166.05,0.92575,79.595,1.1296,73.454,0.54491,60.448,1.0123,96.594,0.96397,36.08,1.0291,90,0.55038,0.14602,0.23493,0.086826,0.14467,0.52867,0.081225,0.21841,0.12497,0.53846,0.1074,0.29863,0.6445,0.54108,0.09523,580.59
0.91076,106.18,1.0472,79.123,1.0975,63.237,0.95517,85.812,0.6417,0.73074,1.0881,113.15,0.82103,162.55,0.91814,87.569,1.1293,71.229,0.5367,61.051,1.0097,99.53,0.97284,36.914,1.0269,90,0.54485,0.1414,0.22878,0.086872,0.12892,0.51572,0.083085,0.21571,0.1195,0.5336,0.10785,0.29464,0.65788,0.54016,0.093301,576.4
0.91312,106.95,1.0446,79.988,1.0953,62.883,0.95173,86.42,0.64631,0.73273,1.0915,114.1,0.81985,163.67,0.92108,78.244,1.1135,71.689,0.53236,66.469,1.0037,99.647,0.97186,36.92,1.0285,90,0.54355,0.13905,0.22937,0.078067,0.12681,0.51442,0.083387,0.21622,0.11767,0.53261,0.11274,0.29435,0.65384,0.52411,0.093497,571.23
0.91392,107.64,1.0429,80.294,1.0959,62.798,0.943,86.665,0.65162,0.73581,1.0928,114.5,0.81766,164.61,0.92296,79.136,1.1131,71.854,0.53638,59.838,1.0017,99.687,1.0104,34.899,1.0316,90,0.54486,0.1396,0.22912,0.075649,0.13936,0.52435,0.081974,0.21719,0.12224,0.53588,0.115,0.29309,0.6629,0.48358,0.068421,557.37
0.9167,107.31,1.0365,82.015,1.0984,61.174,0.92618,87.461,0.66426,0.73127,1.0992,115.38,0.81153,164.81,0.92401,77.927,1.0783,72.757,0.53184,58.208,0.97679,99.858,1.0445,33.502,1.0418,90,0.53413,0.12564,0.21633,0.058959,0.11687,0.50389,0.092095,0.20425,0.10401,0.52337,0.13009,0.28172,0.56171,0.49282,0.054931,521.4
0.90517,107.01,1.0482,77.142,1.1138,63.04,0.95928,84.685,0.65336,0.74122,1.0796,111.57,0.81326,162.96,0.91698,79.468,1.121,70.215,0.54049,61.361,1.0212,99.246,0.98071,36.663,1.0431,89.999,0.54611,0.14051,0.22228,0.09056,0.12084,0.51165,0.087798,0.2132,0.11684,0.53396,0.10869,0.2907,0.72706,0.4627,0.12205,584.45
0.91233,107.56,1.0436,79.59,1.1065,72.636,0.94118,86.482,0.65218,0.73838,1.0899,114.36,0.81895,163.24,0.92293,79.871,1.092,71.565,0.53418,60.399,1.0024,99.647,0.96889,35.563,1.0326,90,0.53133,0.13591,0.20975,0.082472,0.12085,0.50023,0.083915,0.20104,0.11441,0.52163,0.11413,0.27756,0.69129,0.51357,0.073054,558.6
0.91551,106.5,1.0337,81.046,1.0936,62.872,0.93073,87.191,0.64828,0.72938,1.0957,115.21,0.82151,162.24,0.92262,80.096,1.0868,72.32,0.53331,60.516,1.0453,99.797,0.97198,35.829,1.0384,90,0.55912,0.14389,0.25831,0.088014,0.14202,0.53665,0.072978,0.24092,0.12432,0.54917,0.10809,0.31798,0.62187,0.49523,0.041583,553.71
0.90981,107.27,1.0548,77.848,1.0334,67.135,0.9769,86.382,0.666,0.74134,1.0874,115.11,0.80052,164.18,0.91754,81.127,1.1221,70.716,0.54662,61.575,1.0187,99.463,0.98307,37.076,1.0341,89.999,0.56478,0.14455,0.26652,0.076315,0.13315,0.53933,0.084923,0.24313,0.12406,0.55478,0.10893,0.33426,0.55892,0.49327,0.089417,563.23
0.91118,104.65,1.0438,79.645,1.0977,64.623,0.94416,86.256,0.64417,0.72383,1.0938,113.71,0.82023,162.09,0.91529,79.339,1.1103,71.621,0.58648,61.086,1.0076,99.67,0.97775,36.441,1.0345,90,0.54213,0.13659,0.22884,0.076816,0.12345,0.51204,0.084721,0.216,0.11549,0.53255,0.11641,0.29283,0.59349,0.56297,0.067738,555.6
0.92277,109.2,1.0362,82.619,1.0955,61.748,0.93192,89.532,0.65063,0.74413,1.0961,119.63,0.77786,165.85,0.93362,80.669,1.0969,73.412,0.54692,60.754,1.0021,99.971,0.9699,35.852,1.0341,89.994,0.54841,0.14239,0.23448,0.073139,0.12769,0.51548,0.077826,0.21656,0.12299,0.53842,0.11669,0.29872,0.59322,0.52406,0.061425,549.13
0.90955,105.79,1.0425,79.622,1.0977,64.179,0.93916,85.841,0.64994,0.72822,1.0964,112.72,0.80944,175.78,0.90986,80.435,1.099,71.592,0.53973,60.835,1.0091,99.662,0.97626,36.314,1.0382,89.998,0.54347,0.13659,0.23069,0.070932,0.1228,0.51334,0.086613,0.21776,0.11411,0.53241,0.11877,0.29499,0.62443,0.53295,0.05229,550.13
0.90922,102.02,1.0425,79.733,1.0978,64.16,0.93598,85.774,0.64619,0.72486,1.0974,112.44,0.8116,165.25,0.90659,80.435,1.0972,71.671,0.5455,60.898,1.0083,99.686,0.97689,36.389,1.038,89.997,0.545,0.13755,0.2314,0.073755,0.12659,0.51656,0.082795,0.22017,0.11871,0.53602,0.11663,0.29707,0.64658,0.48431,0.073017,554.76
0.92039,104.35,1.0351,83.162,1.089,62.678,0.93164,88.753,0.6517,0.72499,1.0737,117.44,0.81506,168.23,0.91851,80.662,1.0863,73.626,0.5456,60.714,0.99651,99.98,0.97396,36.186,1.041,90,0.54543,0.133,0.22838,0.07408,0.12217,0.51467,0.090192,0.21106,0.11088,0.53475,0.11403,0.29499,0.71074,0.43724,0.081393,559.12
0.95585,105.36,1.0519,78.022,1.0935,63.844,0.93648,85.917,0.64964,0.72968,1.0923,112.03,0.80988,165.74,0.91702,80.397,1.0921,70.449,0.54254,60.884,1.0076,99.225,0.98027,36.622,1.0372,90,0.54447,0.13752,0.22566,0.085117,0.14087,0.52006,0.06031,0.21384,0.11654,0.53475,0.11631,0.29434,0.66061,0.47241,0.072246,553.34
0.92128,104,1.0393,80.824,1.1035,62.233,0.99856,87.457,0.64831,0.72537,1.096,115.33,0.81432,165.84,0.91559,79.219,1.0626,72.393,0.5396,59.498,1.0002,99.854,0.97199,35.934,1.0384,90,0.54216,0.13556,0.22623,0.070089,0.12436,0.51152,0.082497,0.21189,0.11239,0.53107,0.11966,0.28952,0.61774,0.48861,0.024839,526.54
0.91867,105.11,1.0418,81.182,1.0911,62.787,0.94112,86.253,0.64201,0.79453,1.0946,112.23,0.8126,165.58,0.90866,80.634,1.0758,72.48,0.54527,60.595,0.99964,99.846,0.97675,36.429,1.0396,89.994,0.54306,0.13283,0.23155,0.06591,0.12124,0.51336,0.084952,0.21584,0.11146,0.53301,0.12122,0.29616,0.62137,0.46758,0.039895,530.35
0.91251,106.24,1.0442,80.277,1.0966,62.677,0.93812,84.195,0.64356,0.73991,1.0954,107.89,0.81021,166.75,0.92032,80.442,1.0685,71.866,0.54363,60.438,0.99758,99.703,0.97725,36.433,1.0414,89.906,0.54434,0.13697,0.22498,0.064278,0.13013,0.51882,0.090935,0.21186,0.11757,0.53499,0.12333,0.2897,0.59218,0.47626,0.051752,532.34
0.91849,121.12,1.0404,81.264,1.0953,62.463,0.93856,85.987,0.64979,0.72543,1.0963,111.42,0.80775,165.6,0.89804,80.584,1.0603,72.537,0.54553,60.338,0.99439,99.86,0.97606,36.391,1.0428,89.999,0.53998,0.12984,0.22562,0.063393,0.11902,0.50941,0.087135,0.2114,0.10831,0.53079,0.12611,0.29009,0.60486,0.47193,0.027935,520.12
0.92103,131.81,1.0358,82.859,1.0967,61.05,0.926,85.718,0.65388,0.71277,1.0997,109.33,0.80094,165.64,0.87883,80.912,1.0088,73.466,0.54779,59.751,0.97588,99.974,0.97533,36.452,1.0487,89.992,0.53391,0.11924,0.21398,0.059617,0.11294,0.50268,0.091856,0.20125,0.098055,0.52374,0.13438,0.28015,0.59621,0.37594,0.017548,488.03
0.91388,102.39,1.0442,80.984,1.0885,62.293,0.9352,84.194,0.73668,0.72851,1.099,107.24,0.81077,164.23,0.8941,80.844,1.0546,72.3,0.54568,60.43,0.99295,99.804,0.9785,36.621,1.0428,89.998,0.54034,0.12833,0.2286,0.061007,0.11627,0.51078,0.091828,0.21366,0.10751,0.53129,0.12661,0.29368,0.59957,0.43668,0.025579,511.9
0.91364,107.8,1.0489,79.471,1.0953,62.236,0.93217,81.781,0.66058,0.73444,1.0972,131.45,0.80954,165.99,0.90899,80.687,1.0483,71.311,0.54378,60.336,0.99331,99.534,0.98013,36.713,1.0431,90,0.53773,0.12677,0.22291,0.058892,0.11319,0.50688,0.090527,0.21125,0.10488,0.52733,0.13051,0.28809,0.56266,0.43966,0.010762,496.05
0.91665,105.91,1.0497,92.526,1.0938,64.225,0.94257,84.51,0.65479,0.72682,1.0958,113.03,0.8009,164.97,0.90032,80.884,1.0558,70.998,0.54202,60.945,1.001,99.446,0.98941,36.661,1.0431,90,0.53948,0.13146,0.22324,0.064956,0.11769,0.50889,0.087871,0.21201,0.1122,0.53107,0.12463,0.29031,0.5874,0.46417,0.045807,522.18
0.9092,107.26,1.0536,80.287,1.0953,62.323,0.92967,96.14,0.6605,0.73164,1.0978,115.09,0.80673,165.74,0.90501,80.78,1.0357,70.567,0.54287,60.329,0.99164,99.252,0.98375,36.901,1.0444,90,0.53621,0.12596,0.21867,0.058421,0.10976,0.5052,0.094988,0.20839,0.10419,0.52608,0.12903,0.28589,0.57973,0.42102,0.040649,505.9
0.91406,108.78,1.0446,82.87,1.0929,61.796,0.92843,85.328,0.66273,0.72577,1.0993,110.65,0.80194,167.04,0.97198,80.936,1.0183,72.11,0.5457,60.057,0.98218,99.761,0.98044,36.703,1.0476,89.991,0.53547,0.12188,0.21783,0.058081,0.10822,0.50387,0.095832,0.2062,0.099402,0.52631,0.13275,0.28449,0.5815,0.38735,0.040714,498.38
0.92077,108.12,0.99917,81.424,1.095,63.941,0.93991,87.259,0.66493,0.73317,1.0987,115.16,0.80189,166.68,0.91426,81.779,1.0319,70.979,0.54721,60.936,0.98786,99.381,0.99386,37.956,1.0465,90,0.53904,0.12517,0.22796,0.060201,0.11385,0.50445,0.089967,0.20838,0.10331,0.52823,0.13117,0.28615,0.54656,0.40239,0.027051,492.74
0.92692,108.52,1.0363,85.076,1.0689,63.934,0.92829,88.327,0.65503,0.72809,1.0999,116.77,0.8083,168.37,0.91647,81.676,1.0386,73.022,0.54771,60.115,0.98594,99.892,0.97844,36.444,1.0315,89.999,0.54598,0.1352,0.24083,0.069233,0.12853,0.51812,0.078069,0.22005,0.11296,0.53496,0.12269,0.30869,0.55749,0.40337,0.0053109,495.42
0.91908,106.51,1.0437,79.635,1.09,64.06,0.93358,86.449,0.65576,0.72502,1.0983,113.68,0.80007,165.7,0.90711,81.712,1.0212,69.758,0.54336,60.992,0.99283,99.394,0.99654,37.072,1.0446,90,0.53962,0.12787,0.22523,0.061165,0.11574,0.50802,0.088887,0.21172,0.10693,0.5299,0.1286,0.29067,0.60112,0.39344,0.015836,498.15
0.92259,108.09,1.0337,82.614,1.0894,62.64,0.93449,87.312,0.66998,0.73043,1.0998,115.02,0.79873,167.88,0.9111,83.347,1.0067,71.351,0.55328,62.117,0.9835,99.819,0.9844,32.577,1.0487,90,0.53824,0.1224,0.22378,0.059956,0.11374,0.50676,0.089771,0.2101,0.10159,0.52835,0.13357,0.28867,0.56752,0.37502,0.0070902,482.54
0.92827,108.46,1.0255,84.117,1.0868,61.798,0.9265,88.024,0.6866,0.72732,1.098,115.79,0.78873,169.69,0.9064,85.689,0.93985,71.18,0.56288,63.509,0.96569,99.869,0.98793,30.431,1.0489,90,0.534,0.11657,0.21702,0.061618,0.11154,0.50146,0.091892,0.1989,0.097161,0.52486,0.13601,0.28394,0.5617,0.36122,0.0060733,474.15
0.92433,109.4,1.0348,83.562,1.0854,63.665,0.92715,87.551,0.67325,0.73616,1.0997,115.56,0.79617,169.5,0.91265,72.381,0.99726,71.812,0.55493,60.686,0.98998,99.929,0.99012,35.228,1.0481,90,0.5408,0.1259,0.22915,0.060954,0.11799,0.5108,0.086947,0.213,0.10461,0.53082,0.13164,0.29414,0.56306,0.36676,0.0064131,482.76
0.92136,106.37,1.0412,80.052,1.0884,63.922,0.92788,86.597,0.66407,0.72184,1.0999,113.64,0.79197,166.71,0.90314,81.179,0.98246,78.111,0.54644,61.164,0.98316,99.71,1.0002,35.914,1.0488,90,0.53664,0.1215,0.22018,0.059384,0.11175,0.5051,0.091844,0.207,0.10152,0.52745,0.13364,0.28688,0.58599,0.37155,0.012692,486.24
0.92338,108.62,1.0368,82.742,1.0865,64.159,0.92687,87.015,0.6709,0.73265,1.0995,114.62,0.79325,169.04,0.90731,82.763,0.994,72.331,0.56261,55.871,0.99245,99.882,0.99527,35.087,1.049,90,0.5407,0.12595,0.22852,0.060542,0.11588,0.50963,0.086207,0.21217,0.10498,0.53123,0.13146,0.29348,0.54404,0.38226,0.024067,488.56
0.92769,108.4,1.0247,85.368,1.1343,60.073,0.89576,87.101,0.65086,0.72356,1.1,113.56,0.81118,168.95,0.91001,80.131,0.974,73.438,0.5472,59.357,0.97548,99.969,0.9849,34.814,1.0479,89.999,0.52082,0.11511,0.18472,0.057904,0.10776,0.48749,0.090565,0.18353,0.091976,0.51046,0.13288,0.25453,0.66284,0.40905,0.02591,497.27
0.91774,111.51,1.0441,80.119,1.1005,63.934,0.94051,84.585,0.66499,0.73975,1.0952,110.93,0.79666,165.06,0.9084,80.562,1.0046,70.516,0.54836,60.073,0.99603,99.411,0.99493,35.506,1.0445,90,0.53817,0.13004,0.21966,0.063311,0.1161,0.50491,0.089017,0.208,0.10914,0.52853,0.12586,0.28492,0.64366,0.38452,0.028839,508.4
0.93031,106.73,1.0261,85.934,1.1078,61.504,0.89982,88.47,0.67183,0.7168,1.0932,116.26,0.79612,164.5,0.90522,78.181,1.0687,73.884,0.52999,58.263,0.95422,100,0.9818,34.367,1.0499,90,0.521,0.11022,0.18641,0.060031,0.10666,0.48919,0.096671,0.18075,0.088764,0.51177,0.13779,0.25616,0.60031,0.50043,0.035383,507.69
0.92784,108.53,1.0335,84.398,1.0838,55.556,0.92555,87.007,0.6675,0.72407,1.0985,114.08,0.7904,169.62,0.90181,81.046,0.99534,72.763,0.5598,60.034,0.98329,99.934,1.0017,35.887,1.0497,90,0.54735,0.12489,0.2347,0.062208,0.11984,0.51634,0.086326,0.21483,0.10535,0.53802,0.13225,0.30085,0.52844,0.3649,0.021031,485.08
0.93024,111.62,1.0326,84.713,1.0924,60.47,0.92105,87.29,0.67913,0.73864,1.0994,114.76,0.7873,171,0.90825,81.682,0.96629,72.795,0.51682,59.295,0.97637,99.936,0.9945,35.007,1.0497,90,0.53716,0.12023,0.21804,0.061194,0.11555,0.50541,0.086649,0.20334,0.10051,0.52775,0.13476,0.28526,0.54419,0.38031,0.026524,484.53
0.93376,114.68,1.0332,85.012,1.0919,60.609,0.92824,87.885,0.67938,0.73866,1.1,116.2,0.7929,168.87,0.9171,80.717,0.97028,72.832,0.54248,59.352,0.97317,99.941,0.99673,34.954,1.0494,89.997,0.53532,0.11889,0.21559,0.062166,0.11622,0.50436,0.085369,0.20169,0.097815,0.52601,0.13563,0.28356,0.5387,0.37904,0.022813,480.25
0.92898,111.2,1.0419,83.964,1.0961,61.623,0.9333,86.525,0.6794,0.73474,1.0995,113.51,0.78276,171.69,0.90081,81.098,0.97241,72.221,0.55688,59.629,0.93224,99.886,1.0036,35.407,1.0496,90,0.51361,0.099251,0.18107,0.060151,0.099612,0.48356,0.10124,0.17746,0.078316,0.5052,0.14333,0.25598,0.56565,0.38718,0.012936,463.98
0.93563,113.46,1.0459,85.447,1.0973,61.02,0.93459,86.191,0.69728,0.73745,1.0956,112.66,0.76798,175.16,0.89021,81.589,0.9159,72.171,0.57081,59.196,0.88666,99.921,1.0195,35.202,1.0494,90,0.4926,0.082638,0.15768,0.069295,0.088925,0.46282,0.10925,0.18193,0.04888,0.48327,0.14639,0.23519,0.60463,0.38249,0.037735,465.27
0.88533,112.7,1.0226,87.615,1.0963,60.566,0.92729,87.842,0.68024,0.73484,1.0971,116.8,0.7904,169.35,0.90502,80.856,0.95744,74.244,0.54729,59.186,0.96254,99.982,0.99703,34.603,1.0499,90,0.53001,0.1118,0.21358,0.056891,0.082549,0.49415,0.11435,0.19695,0.093469,0.52069,0.13817,0.27463,0.57295,0.37079,0.0079091,474.67
0.9309,112.81,1.0308,86.539,1.092,60.015,0.92365,88.071,0.68244,0.73683,1.0988,116.43,0.78942,154.82,0.91175,80.851,0.93928,73.293,0.55097,59.109,0.95765,99.988,1.0027,34.746,1.05,89.997,0.5299,0.11201,0.20678,0.061758,0.11037,0.49764,0.092562,0.19192,0.092,0.51992,0.13856,0.27628,0.53201,0.38147,0.021969,473.83
0.9184,109.82,1.0367,83.751,1.0939,62.152,0.93033,84.241,0.68429,0.72067,1.098,109.25,0.8252,167.96,0.88722,80.632,0.92958,71.464,0.54377,59.062,0.961,99.735,1.0117,35.083,1.0495,89.995,0.52584,0.10942,0.20435,0.058345,0.10327,0.4953,0.10018,0.19287,0.084809,0.51445,0.1373,0.27326,0.58728,0.37286,0.018195,478.47
0.92906,112.93,1.0281,86.432,1.0926,61.202,0.92346,89.581,0.69729,0.72323,1.0966,121.07,0.79069,167.19,0.89728,80.872,0.94825,72.976,0.54708,59.258,0.96264,99.981,1.0069,34.469,1.05,89.892,0.53034,0.11428,0.20955,0.061157,0.11047,0.49833,0.092264,0.19478,0.093462,0.52125,0.13798,0.27751,0.5376,0.37938,0.022138,475.78
0.92376,114.54,1.0294,85.899,1.0982,60.98,0.91902,87.809,0.70454,0.67281,1.0944,117.45,0.7871,168.41,0.90783,80.7,0.93117,72.399,0.54554,59.009,0.95788,99.926,1.0097,34.335,1.0498,89.998,0.52702,0.11192,0.20089,0.059588,0.10631,0.49483,0.096851,0.18751,0.091922,0.51776,0.13792,0.26917,0.57109,0.38213,0.034765,484.05
0.92134,116.27,1.0312,86.67,1.0848,61.413,0.84902,86.634,0.70059,0.72795,1.0945,114.52,0.78384,168.37,0.90041,82.172,0.93456,72.487,0.55208,60.047,0.95418,99.925,1.0174,34.647,1.049,89.999,0.52997,0.11192,0.20997,0.060789,0.10575,0.49777,0.099008,0.19353,0.092588,0.52113,0.13616,0.28154,0.55491,0.36938,0.02904,479.78
0.92631,115.33,1.0189,75.041,1.0944,59.421,0.90377,89.714,0.69602,0.72658,1.0925,116.93,0.79431,169.38,0.91569,80.662,0.93224,74.005,0.55021,58.584,0.95,99.984,1.002,33.903,1.0498,90,0.52799,0.11079,0.20412,0.061756,0.10612,0.49392,0.098014,0.18487,0.089371,0.5175,0.13772,0.27146,0.56027,0.37237,0.03222,479.6
0.92699,114.66,1.0312,84.432,1.0894,62.123,0.91882,86.968,0.68729,0.72183,1.0964,114.71,0.78375,169.83,0.89171,83.615,0.89958,72.334,0.56436,61.396,0.97134,99.959,0.94431,37.238,1.0491,89.998,0.53516,0.11914,0.21602,0.061078,0.11213,0.50272,0.091255,0.20049,0.098779,0.52652,0.13458,0.2834,0.55645,0.37614,0.02732,485.03
0.93078,119.73,1.0223,85.761,1.0992,60.999,0.90836,90.401,0.62788,0.72403,1.0952,123.35,0.78253,170.69,0.9213,81.126,0.91106,72.793,0.54925,59.161,0.954,99.986,1.007,34.003,1.0489,90,0.5258,0.11141,0.19774,0.061402,0.10882,0.49261,0.093384,0.18539,0.091212,0.51639,0.13921,0.26583,0.56129,0.38162,0.0063835,469.4
0.92797,112.2,1.0208,87.109,1.0871,59.324,0.90037,90.462,0.67932,0.71209,1.099,120.66,0.79397,170.4,0.90767,81.447,0.9524,74.77,0.54662,59.437,0.94798,99.935,0.9914,34.856,1.0491,90,0.52934,0.10844,0.21134,0.063234,0.10695,0.49589,0.095813,0.19044,0.087835,0.51848,0.13976,0.27878,0.5123,0.36991,0.015628,465.21
0.91518,117.06,1.0385,81.332,1.0768,61.378,0.94108,86.77,0.67275,0.73437,1.0972,115.69,0.79433,171.25,0.91106,83.865,0.88293,71.458,0.57035,61.434,0.98892,99.733,1.0053,36.09,1.0471,89.999,0.54547,0.12697,0.23688,0.059822,0.11598,0.51516,0.091062,0.21737,0.10745,0.53645,0.12988,0.30259,0.53348,0.36971,0.021491,487.4
0.93661,117.29,1.0091,87.107,1.0895,60.518,0.91245,77.971,0.68598,0.71962,1.0943,116.91,0.78385,170.64,0.91173,81.717,0.90246,74.856,0.55591,59.361,0.95143,99.841,1.005,33.668,1.0488,89.997,0.53031,0.11319,0.20819,0.065405,0.11298,0.49671,0.091148,0.18638,0.092263,0.51973,0.1366,0.27575,0.55829,0.36021,0.0096892,470.36
0.93359,116.56,1.0158,84.769,1.0917,60.922,0.91248,88.604,0.68533,0.72492,1.096,121.8,0.78665,169.78,0.84724,81.625,0.91017,73.508,0.55361,59.573,0.95817,99.992,1.0102,33.616,1.0498,89.996,0.53098,0.11324,0.20936,0.063141,0.11237,0.49785,0.090082,0.18991,0.093434,0.52105,0.13786,0.27611,0.5551,0.3611,0.0041584,468.23
0.92976,119.25,1.0146,88.539,1.0947,58.699,0.90558,87.66,0.69617,0.72566,1.0925,119.42,0.78735,171.2,0.90027,80.84,0.89944,76.183,0.55703,58.584,0.94549,98.493,0.99514,33.134,1.0479,90,0.52671,0.10975,0.20225,0.063793,0.10728,0.49242,0.096539,0.18257,0.089674,0.51661,0.13769,0.27019,0.564,0.36952,0.030885,478.41
0.92133,118.4,1.033,82.915,1.0277,62.343,0.94379,87.052,0.70656,0.72729,1.0979,119.98,0.7767,168.43,0.89668,82.443,0.93849,72.68,0.5536,60.107,0.95977,99.871,1.0076,34.883,1.0494,90,0.55306,0.12021,0.2608,0.067188,0.11672,0.52424,0.092062,0.22322,0.10181,0.54466,0.13007,0.33317,0.4217,0.31628,0.0066512,457.1
0.91814,122.83,1.0372,81.705,0.95914,63.552,0.96671,87.028,0.73994,0.72916,1.0956,123.16,0.76403,168.16,0.89015,83.544,0.92118,72.302,0.55694,60.49,0.95207,99.797,1.0189,34.918,1.0463,90,0.57569,0.1253,0.30389,0.076592,0.1253,0.54985,0.089744,0.24164,0.10918,0.56868,0.11894,0.37151,0.39627,0.29283,0.021359,473.37
0.93584,119.66,1.007,89.239,1.0806,60.179,0.90869,92.635,0.69794,0.71609,1.0877,100.9,0.7758,171.28,0.89675,82.047,0.86275,74.922,0.55817,59.12,0.9404,99.969,1.0145,33.161,1.0449,89.997,0.53168,0.11547,0.21096,0.069318,0.11293,0.49698,0.095897,0.18422,0.095426,0.52174,0.12947,0.28471,0.59202,0.34892,0.045076,490.98
0.92338,119.84,1.0179,83.785,1.1061,58.457,0.91113,86.562,0.70872,0.72131,1.0939,114.67,0.77463,169.41,0.88807,81.097,0.85916,73.348,0.55467,59.257,0.94387,99.98,1.0189,33.142,1.0304,89.994,0.52432,0.12288,0.19439,0.062565,0.10978,0.48901,0.094792,0.18154,0.10389,0.51458,0.1303,0.26105,0.64287,0.4041,0.020019,495.87
0.92604,111.51,1.0317,84.752,1.0789,62.455,0.92402,87.887,0.66704,0.72639,1.0999,116.24,0.79893,168.64,0.90923,81.532,0.99166,73.103,0.54941,59.898,0.97517,99.921,0.98853,35.517,1.0454,90,0.53887,0.1223,0.22788,0.061834,0.11632,0.50942,0.088178,0.20934,0.10147,0.52957,0.13278,0.29513,0.53848,0.3647,0.018041,480.66
0.92992,120.39,1.0565,87.762,1.0805,58.357,0.89794,87.683,0.69661,0.71588,1.0885,116.37,0.77935,171.06,0.8898,80.973,0.86217,75.569,0.55538,58.414,0.94118,99.872,1.0031,32.082,1.0461,89.998,0.52664,0.11118,0.19446,0.062836,0.10963,0.49702,0.098102,0.18389,0.092436,0.51867,0.13546,0.27567,0.61635,0.36895,0.032524,489.02
0.91428,109.05,1.0528,79.916,1.0949,61.68,0.92865,81.779,0.66371,0.73294,1.0984,131.5,0.80683,166.39,0.90654,80.612,1.0312,71.669,0.54449,60.12,0.98877,99.65,0.98161,36.11,1.0453,90,0.53554,0.12382,0.21875,0.058058,0.11225,0.50832,0.091652,0.209,0.10391,0.52729,0.13364,0.2856,0.563,0.41475,0.02711,496.1
0.9305,117.16,1.0187,86.855,1.0843,60.546,0.91371,89.98,0.68884,0.72023,1.0946,108.62,0.78267,170.15,0.89918,81.694,0.90159,74.106,0.55459,59.367,0.95208,100,1.0063,33.813,1.0487,89.999,0.53218,0.11412,0.21291,0.064214,0.11068,0.49886,0.093825,0.19223,0.09417,0.52288,0.13495,0.28235,0.55411,0.35554,0.033462,480.35
0.92035,107.9,1.0001,81.249,1.0953,63.973,0.94028,87.049,0.66432,0.73351,1.0985,115.75,0.80255,166.57,0.91445,81.751,1.0353,70.917,0.54695,60.956,0.98882,99.357,0.99323,38.03,1.0462,90,0.53902,0.1257,0.22841,0.0601,0.11402,0.50466,0.08984,0.20885,0.10363,0.52846,0.13086,0.28635,0.55653,0.40284,0.031701,496.87
0.92754,117.49,1.0429,86.107,1.0843,59.642,0.90867,87.524,0.68805,0.72021,1.095,116.21,0.78466,170.02,0.89586,81.169,0.90206,74.402,0.55322,59.025,0.95269,99.995,1.0006,33.226,1.049,89.999,0.52979,0.11189,0.20617,0.06174,0.10941,0.49933,0.095886,0.19137,0.092295,0.52113,0.13714,0.2803,0.57872,0.36761,0.014409,477.66
0.92723,120.39,1.0213,86.478,1.0894,57.917,0.9103,87.756,0.69051,0.71577,1.0904,117.62,0.78682,168.88,0.89584,79.782,0.89184,74.301,0.54004,64.421,0.93503,99.995,1.0015,34.004,1.0486,89.998,0.52533,0.1072,0.20107,0.065133,0.10462,0.49151,0.10164,0.18126,0.086741,0.51561,0.13771,0.27295,0.5764,0.35991,0.018106,473.16
0.93004,90.162,1.0211,86.64,1.0781,60.379,0.90997,89.195,0.71457,0.73607,1.0893,123.48,0.77913,172.08,0.92666,81.603,0.87063,73.228,0.55313,60.164,0.94732,99.939,1.0234,32.786,1.0478,89.998,0.53326,0.11576,0.21709,0.065133,0.11077,0.50031,0.097759,0.19107,0.096308,0.52402,0.13428,0.28838,0.54547,0.34681,0.02919,477.39
0.93691,109.22,1.0171,88.643,1.098,59.99,0.89202,88.341,0.69482,0.71449,1.0778,117.78,0.78367,166.77,0.89468,78.265,0.99361,75.383,0.53262,58.468,0.93228,99.983,0.99484,32.827,1.0447,90,0.52066,0.11162,0.1802,0.065901,0.10811,0.48598,0.10072,0.17745,0.091275,0.51133,0.13291,0.25616,0.64571,0.36934,0.061053,500.2
0.92066,115.18,1.0332,83.125,1.0823,61.024,0.92902,87.164,0.67805,0.7293,1.1,116.22,0.79156,170.21,0.90692,82.544,0.90915,72.435,0.55969,60.661,0.97425,99.874,1.0027,35.167,1.0495,89.999,0.53869,0.11983,0.22537,0.06004,0.11127,0.5072,0.093019,0.20713,0.099047,0.52896,0.13574,0.29183,0.52012,0.37267,0.00034319,470.16
0.93079,120.13,1.0136,90.248,1.0865,57.632,0.90571,88.556,0.70618,0.72735,1.0886,120.02,0.78581,171.53,0.90276,81.265,0.88769,68.353,0.55434,58.676,0.93687,99.972,1.0002,32.909,1.0471,90,0.52887,0.11,0.20764,0.067065,0.10822,0.4941,0.098845,0.18281,0.089378,0.51814,0.13531,0.27845,0.57062,0.35336,0.017121,473.5
0.92456,119.13,1.02,86.181,1.0912,67.193,0.90655,88.268,0.70526,0.72535,1.0958,120.04,0.78696,169.02,0.90416,81.414,0.86893,73.288,0.54125,59.642,0.93339,99.993,0.99857,32.74,1.0482,89.999,0.51237,0.10055,0.18344,0.061813,0.098315,0.48155,0.10219,0.17765,0.079297,0.50396,0.1423,0.256,0.576,0.36939,0.011252,462.15
0.92523,113.74,1.0214,86.282,1.0859,59.622,0.9124,88.406,0.68515,0.72788,1.0981,119.82,0.7941,168.74,0.91548,78.497,0.95824,73.792,0.53604,58.244,0.94157,99.984,1.0598,31.693,1.05,90,0.52565,0.10585,0.20928,0.063124,0.10312,0.49341,0.098773,0.18647,0.084745,0.51599,0.14022,0.27771,0.51097,0.37528,0.01801,464.7
0.92157,116.85,1.0192,86.118,1.0822,61.148,0.90948,88.172,0.69402,0.71076,1.0937,120.17,0.79084,167.25,0.89928,80.352,0.89161,73.405,0.59983,60.171,0.93438,99.995,1.0151,32.871,1.0481,89.998,0.52373,0.10518,0.20699,0.064217,0.10145,0.49205,0.10319,0.18158,0.085076,0.5143,0.13861,0.27805,0.52988,0.36471,0.017577,465.17
0.92791,114.21,1.0216,84.947,1.0746,60.648,0.9108,87.682,0.66905,0.78827,1.0991,117.69,0.79134,169.88,0.89903,81.317,0.92188,73.881,0.55902,60.563,0.95008,99.999,1.0004,33.32,1.0498,89.994,0.5336,0.11097,0.22228,0.064644,0.10927,0.50176,0.094584,0.19482,0.090275,0.52365,0.13749,0.29186,0.51475,0.34702,0.0054016,462.02
0.92761,119.35,1.0151,87.414,1.0874,58.064,0.90128,87.951,0.69932,0.71991,1.084,119.74,0.78234,168.84,0.89331,88.488,0.85691,74.631,0.5496,58.885,0.91805,100,1.0207,32.492,1.044,89.996,0.51995,0.10558,0.19403,0.068925,0.10131,0.48499,0.10595,0.17659,0.085139,0.51031,0.13476,0.27019,0.58502,0.36242,0.039687,480.43
0.92603,118.04,1.0169,86.409,1.0941,58.751,0.90271,87.619,0.7093,0.72902,1.0889,119.33,0.77886,169.72,0.89542,81.729,0.85246,73.451,0.55514,59.563,0.92674,100,1.0247,32.117,1.0375,89.997,0.52066,0.11212,0.19262,0.066117,0.10444,0.48622,0.10131,0.17886,0.092591,0.51123,0.13387,0.26502,0.61128,0.37825,0.02221,482.56
0.92604,113.2,1.0281,85.165,1.0828,61.475,0.91873,87.82,0.67683,0.72704,1.0987,117.02,0.79354,168.91,0.90574,81.581,0.95454,73.19,0.55081,59.814,0.96256,99.957,0.9976,34.527,1.0495,90,0.53425,0.11482,0.21828,0.061476,0.11028,0.50232,0.093495,0.1999,0.094787,0.52506,0.13706,0.2864,0.54331,0.36269,0.0016868,469.26
0.92433,109.54,1.0345,83.593,1.0856,63.585,0.92675,87.545,0.67401,0.73621,1.0997,115.62,0.79575,169.52,0.91238,72.385,0.99439,71.818,0.55504,60.679,0.98899,99.932,0.99082,35.15,1.0484,90,0.53981,0.12466,0.22846,0.060892,0.11728,0.51015,0.087274,0.21222,0.10364,0.53053,0.13206,0.29351,0.55472,0.37237,0.0033121,480.3
0.92094,111.37,1.0322,83.892,1.0888,61.014,0.91545,85.301,0.68264,0.73713,1.0991,127.14,0.79644,168.12,0.90738,80.287,0.95086,72.164,0.55006,60.274,0.95468,99.92,1.0041,33.699,1.05,90,0.52771,0.10913,0.20903,0.059344,0.10359,0.49609,0.098139,0.19322,0.088177,0.51792,0.14117,0.27745,0.53347,0.37791,0.0068307,466.55
0.92687,118.93,1.0162,87.184,1.0877,58.096,0.90142,87.591,0.69882,0.72119,1.0848,121.16,0.78332,168.69,0.89393,88.409,0.86019,74.481,0.54926,58.952,0.91823,99.998,1.0205,32.485,1.0445,89.997,0.51927,0.10472,0.19407,0.068393,0.10147,0.486,0.10547,0.17685,0.083834,0.50981,0.1355,0.26976,0.58905,0.35932,0.037913,479.57
0.91684,114.44,1.0162,85.912,1.081,60.556,0.89781,87.228,0.69448,0.71754,1.0871,120.96,0.7852,169.32,0.88767,82.474,0.87292,73.59,0.56325,60.226,0.92799,99.998,1.0165,32.467,1.0456,89.989,0.52362,0.10699,0.20584,0.06521,0.097172,0.4898,0.10724,0.17931,0.087526,0.51441,0.13564,0.27844,0.55709,0.3598,0.027491,473.34
0.92897,112.67,1.0171,84.205,1.0879,59.717,0.97747,88.52,0.67341,0.72716,1.098,123.12,0.79451,169.88,0.90298,81.056,0.90076,74.021,0.55352,59.54,0.94369,100,0.9957,32.549,1.0498,89.999,0.527,0.10724,0.20782,0.063774,0.10536,0.49383,0.096801,0.18604,0.085301,0.51621,0.14073,0.2752,0.53503,0.36021,0.0031509,460.76
0.92423,113.43,1.0292,97.343,1.0774,61.761,0.93185,85.329,0.67585,0.72857,1.0991,121.21,0.78403,168.93,0.88711,82.579,0.90061,72.504,0.55572,61.139,0.94733,99.837,1.0106,33.061,1.0491,89.999,0.52897,0.10811,0.21353,0.062346,0.10557,0.49772,0.09762,0.19351,0.088954,0.52002,0.13933,0.28552,0.53336,0.36003,0.0046889,464.08
0.92345,109.07,1.0329,85.189,1.0837,63.636,0.93644,87.302,0.67169,0.73465,1.0998,116.98,0.79516,169.63,0.90805,72.617,0.9811,71.879,0.55724,60.912,0.98423,99.93,0.99133,34.665,1.0489,90,0.53914,0.12285,0.22726,0.060502,0.11444,0.50816,0.089372,0.21085,0.10201,0.52988,0.13364,0.29264,0.52808,0.37873,0.020134,482.05
0.92602,116.6,1.0204,86.683,1.0867,59.361,0.91027,87.519,0.69172,0.72451,1.0921,120.12,0.78615,168.93,0.89742,85.15,0.88811,73.829,0.5512,59.428,0.93357,99.991,1.0133,32.969,1.0477,89.998,0.52365,0.10651,0.20243,0.064768,0.1028,0.49053,0.10178,0.18119,0.085985,0.51425,0.13829,0.27383,0.54333,0.36544,0.025968,470.36
0.93245,118.75,1.011,88.882,1.0766,59.144,0.90613,90.849,0.68592,0.73549,1.0954,129.53,0.76117,170.38,0.91584,82.455,0.90327,75.083,0.56408,60.824,0.93693,99.942,1.0003,32.069,1.0496,90,0.53031,0.10712,0.21997,0.068726,0.10815,0.49661,0.094896,0.18389,0.087514,0.52054,0.13839,0.28793,0.47918,0.34895,0.0086098,454.05
0.93938,122.76,0.99807,91.499,1.0673,57.785,0.89387,94.049,0.68673,0.74311,1.0937,139.16,0.75015,171.5,0.93067,83.331,0.89054,76.896,0.57555,61.747,0.92554,99.616,0.99466,31.05,1.0497,89.997,0.53178,0.10701,0.23335,0.07507,0.11115,0.49712,0.092178,0.18436,0.086204,0.52148,0.13571,0.29915,0.43373,0.3385,0.013093,448.55
0.92188,109.57,1.032,84.305,1.0736,62.582,0.92999,87.985,0.67391,0.7317,1.0994,121.14,0.78319,167.05,0.9047,82.446,0.93285,70.432,0.5513,61.6,0.95049,98.794,1.0168,33.499,1.05,89.999,0.53012,0.10858,0.21766,0.061552,0.1042,0.49879,0.098915,0.19685,0.089169,0.52118,0.13936,0.28904,0.52412,0.3566,0.0064558,463.75
0.92369,110.92,1.0025,86.571,1.0837,61.749,0.92858,88.156,0.68041,0.73823,1.0986,124.68,0.78571,168.15,0.90989,82.225,0.93253,71.889,0.5549,61.319,0.94316,99.986,1.0126,33.424,1.05,90,0.52641,0.10634,0.2133,0.063457,0.10176,0.49282,0.099876,0.18741,0.085584,0.51647,0.14128,0.27776,0.50984,0.35812,0.013351,460.43
0.92068,132.76,1.0232,86.033,1.0902,61.075,0.92872,86.395,0.65557,0.72244,1.1,117.52,0.79224,165.34,0.87879,81.847,0.97228,72.954,0.55513,60.219,0.94815,99.958,0.9889,33.962,1.0499,89.989,0.52512,0.10711,0.20565,0.060872,0.10329,0.49264,0.099113,0.18774,0.086427,0.51571,0.14096,0.27327,0.54507,0.37156,0.0023782,463.68
0.92102,118.73,1.0159,86.21,1.0753,60.247,0.9157,85.756,0.66647,0.73519,1.0984,119.68,0.7806,170.46,0.90568,82.631,0.89373,73.205,0.5623,61.235,0.93235,99.985,1.0041,32.355,1.0487,89.915,0.52597,0.10336,0.21752,0.065776,0.1005,0.49319,0.10291,0.18524,0.084472,0.51692,0.13926,0.28707,0.50021,0.34949,0.0082409,455.68
0.96549,119.38,1.0209,84.93,1.0694,60.85,0.91094,87.353,0.68123,0.7236,1.0981,124.14,0.78015,168.49,0.89799,82.779,0.88078,71.862,0.56328,61.478,0.93023,99.977,1.0145,32.117,1.048,89.999,0.52992,0.1154,0.21852,0.080237,0.12498,0.49821,0.075178,0.18277,0.089606,0.51912,0.13273,0.28921,0.48908,0.34959,0.002911,454.86
0.92752,123.67,1.0176,88.509,1.0784,59.596,0.91053,87.118,0.67464,0.73076,1.0972,125.77,0.78103,168.04,0.89598,77.225,0.89246,74.985,0.54767,57.312,0.92483,99.869,1.0256,38.824,1.05,90,0.52147,0.099725,0.21023,0.067951,0.10189,0.48909,0.10037,0.18106,0.078073,0.51236,0.14075,0.28141,0.49416,0.35976,0.0025665,450.22
0.92461,120.85,1.0112,86.209,1.0717,61.313,0.9124,86.998,0.67804,0.72094,1.0958,125.85,0.77979,177.9,0.88961,82.291,0.88953,72.991,0.55897,61.253,0.9297,99.979,1.0127,32.388,1.0482,89.994,0.52622,0.10411,0.22016,0.06807,0.10268,0.49322,0.10107,0.18358,0.083906,0.51693,0.13805,0.29003,0.48529,0.34508,0.011077,453.76
0.92424,113.69,1.0282,82.287,1.0765,64.454,0.93074,86.388,0.65553,0.72977,1.0999,122.76,0.78269,167.58,0.89736,81.967,0.94143,78.361,0.55581,61.94,0.94946,99.983,1.0161,34.033,1.0497,90,0.52764,0.10813,0.21358,0.061935,0.10467,0.49624,0.096868,0.19451,0.088247,0.51843,0.14016,0.28406,0.50556,0.36512,0.008468,460.43
0.93863,119.4,1.0266,86.246,1.0818,61.344,0.94088,87.658,0.66222,0.74087,1.0992,121.96,0.78309,169.83,0.91351,80.7,0.96355,73.423,0.54692,60.423,0.96067,99.995,0.99982,34.73,1.0488,89.992,0.53486,0.1165,0.21701,0.064844,0.11794,0.50358,0.083919,0.19819,0.096668,0.52561,0.13673,0.28624,0.5337,0.36303,0.0061499,469.52
0.92926,113.25,1.022,85.663,1.0724,64.715,0.93108,87.122,0.66359,0.74475,1.0995,125.6,0.78126,170.32,0.90643,83.392,0.94814,72.646,0.57233,56.517,0.9551,99.988,1.0147,33.098,1.0499,89.999,0.53392,0.11263,0.22223,0.063894,0.10971,0.50077,0.092156,0.19894,0.092126,0.52353,0.1385,0.29132,0.48966,0.35709,0.0056113,459.45
0.91922,116.26,1.035,84.929,1.0709,61.985,0.93039,97.13,0.66596,0.74264,1.1,126.95,0.78394,168.51,0.8903,81.679,0.94037,71.925,0.55546,60.777,0.9388,99.854,1.0119,33.365,1.0499,89.998,0.52593,0.10347,0.21533,0.062471,0.10027,0.49567,0.10119,0.19197,0.083405,0.51787,0.14131,0.28872,0.50986,0.37366,0.0017669,459.59
0.92938,116.93,1.025,85.214,1.0727,63.492,0.93406,88.816,0.6592,0.73894,1.0993,124.32,0.78153,170.23,0.90385,77.566,0.96006,72.8,0.56069,60.812,0.95736,99.992,1.0036,34.139,1.0491,89.998,0.53478,0.1141,0.22311,0.06354,0.11189,0.50342,0.09077,0.2005,0.094781,0.52566,0.13757,0.29237,0.51278,0.35269,0.010185,466.11
0.93534,118.44,1.0114,88.984,1.0766,61.856,0.91579,89.293,0.66999,0.73477,1.0961,128.75,0.77604,168.95,0.89418,80.16,0.94147,74.224,0.55221,59.583,0.91737,99.853,1.0142,32.137,1.0484,89.999,0.51791,0.098468,0.20683,0.07118,0.10321,0.48632,0.097742,0.17724,0.076134,0.50788,0.14024,0.27785,0.49119,0.35766,0.0034491,447.26
0.94256,120.01,1.0005,91.98,1.0736,62.282,0.90911,90.348,0.6661,0.73753,1.0911,134.81,0.76943,168.29,0.88794,78.912,0.95807,75.121,0.54865,59.061,0.89357,99.434,1.0199,31.103,1.045,89.996,0.50912,0.094371,0.205,0.077292,0.10252,0.47595,0.10049,0.17939,0.069926,0.49837,0.13738,0.27678,0.49755,0.35062,0.0031962,443.46
0.91761,114.2,1.0161,86.245,1.0765,61.601,0.90114,89.011,0.68689,0.72313,1.0907,124.12,0.78262,169.22,0.88591,81.901,0.88821,73.365,0.56574,59.71,0.92405,100,1.0186,32.177,1.0463,89.994,0.52128,0.10286,0.20908,0.066456,0.095368,0.48847,0.10818,0.18093,0.083356,0.5127,0.13771,0.28143,0.53401,0.35145,0.020906,464.1
0.92458,113.39,1.0199,86.769,1.0548,62.002,0.93334,86.137,0.7442,0.73985,1.1,122.79,0.78319,168.19,0.87605,81.543,0.93721,74.039,0.5644,61.043,0.92791,99.956,1.0124,32.597,1.05,90,0.53118,0.10255,0.23562,0.069722,0.10311,0.49971,0.10084,0.19283,0.082527,0.52138,0.13676,0.30777,0.43701,0.34263,0.011541,449.54
0.92923,119.91,1.0135,87.495,1.0714,61.556,0.92425,88.614,0.68131,0.73774,1.0989,129.46,0.77277,169.97,0.88844,81.084,0.89347,73.706,0.56375,60.455,0.9178,99.89,1.0228,32.082,1.0473,90,0.52018,0.097884,0.21649,0.070968,0.10102,0.48797,0.09974,0.18025,0.076949,0.51044,0.13988,0.28645,0.46747,0.36159,0.0046829,446.92
0.92129,117,1.0257,88.11,1.0599,62.173,0.93132,87.83,0.67269,0.74093,1.1,125.37,0.77747,169.12,0.95604,80.998,0.93546,73.404,0.56151,60.773,0.91874,99.997,1.0112,32.677,1.0497,89.996,0.52307,0.095903,0.2242,0.068236,0.097516,0.49215,0.1043,0.18485,0.076546,0.51493,0.13993,0.29777,0.46123,0.34724,0.0013335,444.41
0.93396,122.13,1.0087,89.339,1.0608,62.169,0.92961,91.279,0.6745,0.7289,1.0988,119.86,0.76859,170.78,0.89373,82.363,0.89449,74.847,0.56636,60.097,0.91923,99.797,1.0179,32.535,1.0485,90,0.52717,0.10355,0.22925,0.073873,0.1064,0.4931,0.096921,0.18156,0.081193,0.51641,0.1355,0.30008,0.45525,0.34066,0.0073616,447.71
0.92592,117.47,1.0147,88.303,1.077,59.715,0.91057,88.003,0.7014,0.72638,1.0907,122.37,0.77985,168.77,0.89642,85.082,0.88141,74.366,0.55567,59.519,0.91421,99.989,1.0195,32.09,1.0453,89.997,0.51964,0.10001,0.20732,0.070676,0.09849,0.48588,0.1055,0.17866,0.08094,0.50974,0.13642,0.28172,0.53137,0.35203,0.020893,462.43
