0.87249,34.709,1.0619,139.86,1.0356,73.723,0.65,100.36,0.59113,0.66663,0.65046,164.89,0.86201,57.155,1.1119,82.426,0.8066,68.136,1.1869,95.319,1.1056,82.468,1.1358,65.577,1.0856,31.191,0.50511,0.11189,0.25307,0.16296,0.11224,0.41419,0.098483,0.18892,0.16325,0.3707,0.094256,0.3107,0.69249,0.60895,0.078948,568.29
1.1202,68.038,1.0145,133.75,0.98901,77.799,0.5313,98.133,0.70302,0.52064,0.59765,87.575,0.8386,99.336,1.0962,77.908,1.078,58.377,1.25,96.571,0.96057,76.021,1.0788,83.738,1.2268,11.217,0.47666,0.13882,0.2195,0.13731,0.13775,0.35152,0.046371,0.21444,0.15234,0.31096,0.091794,0.17366,1.0027,0.72411,0.11895,641.33
0.90637,20,0.9396,139.39,0.93669,60.656,0.58887,50.946,0.60243,0.75922,0.74106,57.223,0.93939,58.649,1.1813,54.468,0.96559,76.005,1.0502,59.736,0.85,87.773,1.1245,60.919,1.1162,29.934,0.54518,0.081122,0.39363,0.12881,0.12332,0.41648,0.1199,0.32866,0.13407,0.28808,0.077939,0.4164,0.19388,0.39076,0.057813,456.31
0.75957,120.12,1.0441,111.16,1.1272,66.483,0.67206,118.26,0.68274,0.48536,0.49465,139.38,0.84641,134.67,0.82366,87.472,0.83673,73.987,1.2468,95.976,1.0868,95.784,0.88686,74.905,1.1199,73.231,0.4123,0.085542,0.14915,0.10881,0.16045,0.32674,0.11638,0.21891,0.11825,0.30259,0.15179,0.17439,0.75058,0.57804,0.10411,535.19
1.0871,75.054,1.15,107.5,1.003,54.611,0.79453,48.196,0.71181,0.6238,0.71163,133.42,0.83929,84.625,1.0474,95,1.0714,73.197,0.90972,67.494,1.003,86.898,0.98311,50.618,0.77775,88.574,0.44321,0.13466,0.25972,0.22021,0.089022,0.2611,0.093557,0.27885,0.20253,0.20934,0.17705,0.24251,1.1048,0.60115,0.17605,675.74
0.83743,70.337,1.0047,126,0.93557,50,0.60238,75.086,0.62315,0.67594,0.46028,133.81,0.7972,81.225,1.0332,89.833,1.2199,67.91,0.89776,79.938,1.0517,44.045,0.92063,41.128,0.86506,48.084,0.5819,0.12024,0.40557,0.21263,0.15998,0.33268,0.1482,0.1928,0.19328,0.48321,0.17542,0.38084,0.69788,0.36888,0.21501,650.66
1.115,47.221,1.0561,116.81,1.1361,92.436,0.78686,43.235,0.77597,0.55196,0.66361,124.82,0.75,128.02,1.0471,70.587,0.89245,84.176,0.64622,50,0.96465,76.185,1.1391,36.062,0.80243,30.93,0.43632,0.17893,0.2392,0.24459,0.11834,0.31519,0.10482,0.29474,0.22337,0.37844,0.20059,0.27067,1.0136,0.99739,0.17201,754.95
0.84809,51.18,1.088,69.171,0.85156,118.05,0.65487,69.172,0.75907,0.7473,0.6799,179.4,0.81262,117.02,0.91924,41.298,0.85534,79.765,0.98095,93.004,0.96668,46.451,1.1404,44.321,1.0188,37.854,0.54103,0.094884,0.34698,0.21093,0.13448,0.3989,0.17954,0.22943,0.16707,0.29253,0.14749,0.38081,0.74994,0.56512,0.12377,633.35
0.75,117.68,1.1284,109.8,1.1353,138.76,0.5767,51.257,0.61218,0.58383,0.48881,90.043,0.89347,158.11,0.8703,95,1.1314,97.198,0.69499,61.616,1.0969,50.559,1.1429,92.964,1.2044,69.995,0.25715,0.071272,0.25941,0.068452,0.094831,0.22766,0.080083,0.22476,0.11903,0.26475,0.15094,0.17922,0.71251,0.30151,0.11402,448.02
0.90175,66.451,0.93222,136.26,1.0403,60.293,0.75559,101.2,0.57601,0.76748,0.73693,140.55,0.9041,67.923,0.87479,82.613,1.1258,80.28,0.59372,85.211,0.99213,30.108,1.0181,36.052,1.2212,10,0.46016,0.080808,0.26626,0.1511,0.11928,0.29976,0.16841,0.20648,0.13698,0.22491,0.13457,0.30854,1.0269,0.088637,0.27711,598.75
1.1031,140,1.1269,74.214,1.0055,144.14,0.72677,55.226,0.51486,0.57608,0.73647,130.58,0.79484,167.04,0.80803,80.559,0.81099,66.455,0.77048,53.652,0.99751,33.346,0.96374,43.861,0.98155,30.957,0.45421,0.13993,0.2994,0.2223,0.10062,0.25077,0.10047,0.32317,0.17359,0.36817,0.16025,0.33933,1.1681,0.5776,0.21074,719.83
0.78944,120.84,0.93051,53.297,1.1152,96.052,0.51391,99.07,0.73915,0.45529,0.78565,177.42,0.94905,61.921,0.83964,35.17,0.93345,69.052,0.64955,87.97,0.96624,79.247,0.88012,94.95,1.0498,76.558,0.39063,0.093929,0.13365,0.14794,0.15965,0.3044,0.15144,0.22122,0.14764,0.19497,0.088943,0.16225,1.2315,0.20669,0.20003,583.52
0.75224,30.208,1.0192,98.701,1.0901,96.99,0.65674,84.733,0.73582,0.7258,0.53315,57.984,0.85502,143.1,0.92637,58.713,0.88405,85.938,0.61078,92.415,0.9094,35.418,1.092,48.295,0.98329,10,0.43589,0.070845,0.23324,0.2122,0.17486,0.36635,0.17612,0.22763,0.16353,0.28958,0.1647,0.2396,0.83065,0.79668,0.095581,635.76
1.1136,84.031,1.1205,135.12,1.071,64.829,0.7382,60.525,0.57188,0.57877,0.67452,129.98,0.95,151.43,0.76355,93.598,0.79117,60.934,0.51873,87.589,1.0014,36.714,1.018,75.157,0.83306,15.329,0.33794,0.084998,0.12283,0.1711,0.097533,0.22404,0.065557,0.26123,0.11549,0.15939,0.12283,0.17854,1.0829,0.69702,0.20125,622.75
0.88603,122.87,0.85058,148.1,1.0754,61.591,0.64923,48.013,0.53485,0.69117,0.66273,115.2,0.85247,119.38,0.76361,66.494,0.95149,65.189,0.68842,90.961,1.0393,57.369,1.024,90.493,0.88776,56.328,0.455,0.082846,0.28429,0.21308,0.10631,0.3452,0.17283,0.23277,0.16295,0.24129,0.17915,0.22187,0.48452,1.3024,0.10074,674.52
1.2038,125.55,0.99794,100.47,1.0628,84.731,0.67504,92.938,0.5999,0.673,0.65898,130.86,0.8735,93.897,1.25,80.421,1.0315,79.922,0.70666,60.084,0.93145,88.328,1.0589,68.802,1.2181,46.663,0.40665,0.16055,0.19831,0.14609,0.17579,0.37869,0.099568,0.19403,0.14766,0.39543,0.054696,0.2828,0.50913,0.66141,0.21818,568.03
1.0479,81.477,0.92094,82.707,0.92657,50.778,0.74135,68.354,0.63846,0.63745,0.55863,146.41,0.90576,63.351,0.96449,75.727,0.80916,53.319,0.66419,57.052,1.0621,35.94,1.1127,46.845,1.1753,47.957,0.52136,0.12129,0.40711,0.1393,0.1046,0.40769,0.096179,0.23608,0.12188,0.33587,0.079305,0.44474,0.31154,0.13471,0.33115,531.85
1.1469,138.67,1.0542,148.44,0.88154,115.06,0.70236,95.049,0.46342,0.60855,0.6978,128.83,0.93603,134.26,0.81378,83.174,0.93467,56.288,0.68394,57.592,1.0271,37.199,0.85,46.717,1.1149,52.525,0.30225,0.11117,0.24892,0.15527,0.11101,0.17,0.059043,0.26966,0.1138,0.13038,0.060187,0.3052,0.98968,0.31302,0.35668,604.94
0.75,75.688,0.93872,50,0.94362,76.536,0.57963,87.602,0.59817,0.68195,0.74005,127.8,0.87735,49.686,0.93703,42.624,0.81769,53.617,0.57465,60.931,1.0201,58.32,1.019,61.458,1.2057,46.616,0.56365,0.10962,0.3562,0.1288,0.1837,0.41023,0.21818,0.22444,0.13934,0.40129,0.12271,0.41862,0.61143,0.2052,0.35139,638.89
1.0769,124.45,1.0569,50,1.126,62.382,0.71098,114.15,0.56928,0.564,0.53191,109.95,0.90261,123.27,0.80331,30,0.98602,56.409,1.1295,97.251,1.15,57.958,0.86199,30,0.89711,74.29,0.3791,0.10305,0.183,0.20227,0.09844,0.30406,0.11046,0.25619,0.12519,0.31166,0.15419,0.22179,0.84047,0.79819,0.10556,601.16
0.93922,91.284,1.0903,50,0.98764,143.25,0.48772,86.759,0.51886,0.54269,0.67929,122.72,0.89026,69.205,1.1644,68.099,1.1244,87.575,0.86286,68.339,1.0416,36.314,0.9504,98.53,0.82681,90,0.47384,0.093724,0.29559,0.18151,0.094824,0.28679,0.091308,0.1911,0.18317,0.21953,0.1586,0.22637,0.70678,0.67962,0.10812,587.16
1.25,38.866,0.95205,122.3,0.96752,117.86,0.73572,86.538,0.67522,0.49188,0.5695,76.457,0.93857,160.92,1.2161,55.212,1.1745,79.611,0.75035,80.115,1.005,30,1.1337,30,0.80218,67.515,0.45812,0.1344,0.32062,0.17205,0.15462,0.42523,0.12698,0.25117,0.13671,0.39856,0.10545,0.30997,0.49533,0.69067,0.19218,606.76
1.0118,70.178,1.1112,105.18,0.98114,132.61,0.57914,51.661,0.8,0.63938,0.71278,128.76,0.84732,99.119,1.1087,55.246,1.1461,62.21,1.0055,94.438,1.1311,68.571,1.1332,54.396,0.75,17.693,0.48445,0.10471,0.29756,0.2129,0.077945,0.40576,0.10652,0.21106,0.15986,0.38507,0.18004,0.25676,0.65699,0.75242,0.14191,626.3
1.1794,89.737,0.8666,80.571,0.86141,72.347,0.79818,74.783,0.8,0.52411,0.47005,159.3,0.78397,163.02,1.1243,35.66,0.77601,65.265,0.85499,60.807,0.92316,68.889,0.95042,53.455,1.25,45.705,0.48886,0.16137,0.46061,0.16357,0.13849,0.28206,0.055134,0.28501,0.14756,0.49846,0.074767,0.49074,0.52263,0.34328,0.30584,621.07
0.84088,62.666,0.89208,86.194,0.87519,110.04,0.54714,69.74,0.71792,0.71178,0.45065,52.489,0.95,151.91,0.91685,74.478,0.9256,74.048,1.0926,87.417,1.0706,62.052,1.1163,40.239,1.1108,50.958,0.53337,0.11746,0.44833,0.097867,0.12782,0.41069,0.16888,0.33492,0.1063,0.31183,0.082883,0.42879,0.4667,0.22992,0.12738,520.28
0.95109,132.43,1.15,50,1.1081,91.269,0.84213,115.3,0.48141,0.57658,0.75272,113.77,0.80955,40,1.0783,82.817,1.008,86.448,0.87074,65.143,0.94002,80.133,0.95688,82.72,0.78543,27.177,0.44853,0.15643,0.23852,0.23363,0.10727,0.24996,0.12828,0.28205,0.25647,0.2599,0.21412,0.194,0.96621,0.77245,0.07717,655.42
0.807,23.642,1.0848,72.052,1.046,103.19,0.8293,117.91,0.77903,0.4635,0.58879,180,0.90211,107.17,1.0118,50.538,0.88598,89.123,0.94064,88.073,1.142,56.544,1.1455,64.584,1.25,85.887,0.44841,0.069909,0.15465,0.10716,0.14404,0.41174,0.16273,0.17865,0.071362,0.39139,0.16968,0.21629,0.83604,0.061716,0.30774,546.8
0.92402,56.476,0.94066,128.65,0.9519,50,0.83134,82.743,0.49617,0.47838,0.46696,64.802,0.91661,74.64,0.93531,38.827,1.2135,86.669,0.72353,79.555,0.93016,55.977,0.93777,82.715,1.1573,44.427,0.52001,0.088321,0.38188,0.1295,0.078645,0.32405,0.15241,0.22652,0.12424,0.17977,0.085986,0.42066,0.98625,0.018637,0.3762,644.4
0.91338,94.039,1.0194,110.42,1.0061,104.61,0.83355,120,0.49107,0.61084,0.50112,141.7,0.90627,114.1,0.92899,73.577,1.0395,74.52,0.96008,69.348,0.89273,31.244,1.1189,47.769,0.75,31.741,0.46438,0.075986,0.31514,0.17722,0.086445,0.36001,0.15051,0.21119,0.15645,0.29698,0.17881,0.2778,0.42487,0.78297,0.12283,573.78
0.97586,135.92,0.99107,106.56,1.0894,69.464,0.7172,116.96,0.53905,0.48079,0.71051,146.21,0.91853,96.945,1.0556,75.913,0.79927,94.548,0.68729,54.936,1.1473,97.083,1.0268,100,0.77194,62.78,0.41826,0.071983,0.24234,0.19595,0.054322,0.36886,0.12916,0.20307,0.1198,0.3296,0.16701,0.2519,0.51578,0.95598,0.10431,586.29
0.77816,24.952,0.91216,106.35,1.0799,114.3,0.71068,49.963,0.51892,0.73381,0.50036,130.7,0.82091,107.29,0.88069,84.442,1.1196,64.486,1.25,93.916,0.85,40.855,1.0295,39.576,0.82493,18.382,0.45503,0.098907,0.14615,0.1758,0.18328,0.33802,0.15751,0.24775,0.20789,0.30462,0.19465,0.37211,1.2652,0.90463,0.070266,733.49
1.2368,129.54,1.0996,55.682,0.97182,142.8,0.52727,82.15,0.70657,0.53234,0.76725,100.06,0.84498,82.922,1.003,92.29,1.2301,69.789,0.51915,71.054,1.15,72.982,0.87865,91.986,0.82077,58.59,0.47848,0.20945,0.29411,0.20556,0.21952,0.44572,0.14529,0.22136,0.21818,0.42612,0.13126,0.32962,0.65327,0.69404,0.38028,739.41
0.93575,132.91,0.85631,60.103,0.9572,101.59,0.47158,71.712,0.53299,0.71449,0.62646,124.43,0.82053,50.726,0.99045,63.736,0.92703,93.598,0.82524,59.998,0.9189,93.068,1.0726,100,1.1278,65.166,0.55234,0.1268,0.38149,0.15223,0.068352,0.39291,0.15503,0.20155,0.16195,0.43611,0.11707,0.43089,0.36325,0.069433,0.23113,503.02
0.91181,47.724,0.96941,126.75,1.0322,51.5,0.83976,120,0.71712,0.70318,0.68339,40,0.82498,159.38,0.79952,30.442,0.97892,67.112,0.75755,100,0.9634,54.786,0.99341,57.063,1.1385,31.331,0.49008,0.084432,0.29628,0.15705,0.12435,0.30422,0.18205,0.22891,0.13195,0.22434,0.13143,0.34964,0.94269,0.093035,0.25303,590.04
1.2102,62.809,1.083,81.861,0.95882,58.9,0.61958,80.298,0.78686,0.8,0.6024,62.46,0.8435,117.08,0.84678,39.843,0.93711,56.207,0.54937,72.796,1.1297,44.148,1.1263,44.648,0.87624,11.45,0.49973,0.17462,0.30292,0.21143,0.17174,0.44213,0.12317,0.2256,0.18324,0.44139,0.15882,0.29962,0.60386,0.95253,0.26337,730.59
0.93805,105.48,0.92073,76.384,0.87334,61.804,0.55613,89.197,0.73908,0.73648,0.77595,149.05,0.9048,170.85,0.82859,70.268,1.0357,58.834,0.66487,80.262,1.0446,92.313,0.98641,80.366,1.25,43.305,0.48543,0.082026,0.40759,0.10449,0.078376,0.33716,0.15287,0.2452,0.053389,0.31815,0.12633,0.44621,0.47419,0.27759,0.38727,601.63
0.8395,133.97,1.0167,55.838,0.86196,97.284,0.67467,49.724,0.50052,0.76357,0.45805,108.97,0.94017,151.39,0.93856,63.027,0.82499,78.048,0.97264,53.299,1.15,63.531,1.0334,91.863,0.92414,21.716,0.50874,0.11668,0.36234,0.14656,0.12033,0.41872,0.16185,0.24005,0.10738,0.34438,0.12164,0.28814,0.24132,0.91962,0.099073,574.88
1.1478,24.345,1.0213,120.83,1.0653,109.82,0.82132,63.345,0.62129,0.50114,0.78554,114.21,0.93187,40,0.99061,67.935,0.75,97.503,0.83612,95.869,1.0079,84.287,1.0655,73.28,1.118,84.562,0.42445,0.12907,0.15086,0.12318,0.095286,0.33224,0.09246,0.23382,0.1461,0.29101,0.092053,0.22713,0.93298,0.1753,0.22392,535.7
0.97521,20.429,0.90318,115.74,1.1282,134.4,0.52433,107.24,0.53144,0.45,0.76846,142.65,0.88764,140.14,1.2126,37.038,0.78435,82.645,0.61669,99.84,1.0264,57.542,1.1309,66.609,0.86527,87.998,0.38492,0.070025,0.15125,0.19436,0.087274,0.33618,0.10708,0.21471,0.13083,0.25484,0.15566,0.18225,1.0222,0.99606,0.0018207,622.33
1.0298,56.152,1.0919,94.681,0.98714,95.87,0.48215,77.092,0.58989,0.51988,0.52495,134.12,0.86233,49.615,1.2422,32.818,0.83695,95.407,0.56874,56.798,1.15,64.261,0.99395,36.338,1.0485,42.7,0.50631,0.13086,0.28049,0.17639,0.0788,0.3759,0.084854,0.21709,0.17671,0.38165,0.10403,0.3346,0.63017,0.60792,0.096377,568.79
0.78048,52.922,1.0478,113.79,0.90894,89.852,0.82225,58.875,0.784,0.54997,0.68661,61.843,0.89382,62.33,0.98201,68.838,1.0346,89.303,0.72015,64.558,0.94762,86.528,1.0262,79.17,0.8657,17.641,0.53281,0.10019,0.33432,0.19255,0.16896,0.40762,0.18209,0.19663,0.20144,0.26575,0.18611,0.26387,0.83965,0.44071,0.12819,625.97
1.1907,108.41,0.87083,147.84,0.94883,113.02,0.48346,87.741,0.52315,0.74508,0.58282,170.46,0.9032,124.91,1.0808,74.125,1.2443,91.703,1.2008,60.194,1.1046,57.219,1.0667,93.16,1.2071,24.39,0.43943,0.15333,0.26957,0.14916,0.16242,0.36219,0.1232,0.36108,0.13752,0.38018,0.09513,0.39704,0.64323,0.61017,0.24304,631.67
1.1106,89.76,1.0092,106.81,1.0851,130.77,0.66623,79.871,0.67878,0.59195,0.45307,165.33,0.86901,101.13,0.81541,40.189,0.75,62.976,0.89203,56.383,0.8845,79.347,0.91202,91.147,0.80496,13.09,0.39684,0.12496,0.19118,0.20807,0.080243,0.21619,0.10295,0.34717,0.1754,0.23337,0.16396,0.19167,1.5042,0.46335,0.28173,742.14
1.1453,58.565,0.9806,74.014,0.89031,146.08,0.76868,90.549,0.75728,0.73923,0.47768,165.55,0.84182,178.12,1.1868,42.78,1.055,81,1.14,81.158,0.85977,95.565,1.0875,30.425,0.83237,72.758,0.46503,0.12456,0.33878,0.18309,0.10754,0.29974,0.097253,0.24269,0.15331,0.33767,0.14745,0.2098,0.95627,0.7765,0.1079,670.91
1.0595,49.227,1.0144,99.162,0.94319,145.48,0.76408,113.99,0.76895,0.63732,0.72377,48.444,0.77183,127.24,1.096,87.804,0.86054,95.245,0.56263,80.689,1.0675,68.531,0.92544,55.066,1.1362,61.382,0.5413,0.15186,0.33073,0.146,0.088003,0.32054,0.077245,0.20167,0.16125,0.45949,0.098063,0.39833,0.50072,0.30051,0.15398,522.6
1.0069,140,1.0183,123.79,0.89068,50,0.52183,65.751,0.5561,0.70859,0.57572,129.36,0.80944,120.02,0.9422,90.09,1.0194,60.909,1.056,74.641,1.127,39.792,0.96492,71.486,0.8161,51.584,0.61165,0.17306,0.39677,0.21653,0.17162,0.55456,0.13723,0.26788,0.19763,0.50564,0.20479,0.24293,0.53252,0.61311,0.088995,635.57
0.75,128.03,1.1191,114.91,1.059,134.37,0.57699,49.905,0.45,0.48477,0.54681,40.127,0.7703,149.63,1.2335,95,0.86497,86.434,0.84782,51.763,0.86675,84.443,0.95023,96.321,1.2427,90,0.24355,0.066574,0.28456,0.10126,0.12017,0.19302,0.099911,0.20537,0.10182,0.21384,0.1344,0.18019,219.69,1.2396,1.5584,45009
0.96328,121.68,1.0596,106.51,0.88642,125.54,0.73359,58.929,0.79459,0.55666,0.72559,171.34,0.81158,114.76,0.82791,49.218,0.80288,79.618,0.80865,89.442,1.0936,55.193,0.93342,35.013,1.016,67.259,0.52249,0.1074,0.35577,0.20888,0.080563,0.32445,0.15035,0.26806,0.16556,0.34304,0.14083,0.39685,0.6834,0.50221,0.12941,600.7
0.95609,76.454,0.86874,56.643,1.15,60.199,0.49524,101.64,0.75606,0.54688,0.71614,139.19,0.90014,40,0.96596,68.669,1.2068,71.075,0.8006,76.951,0.98858,30,1.113,35.521,0.81741,68.921,0.41114,0.11715,0.15051,0.21289,0.085506,0.28808,0.13071,0.28017,0.21708,0.25233,0.1675,0.20113,1.1095,0.49822,0.18695,636.32
1.1651,120.91,1.1373,81.709,1.1189,129.53,0.783,55.795,0.68289,0.8,0.45,58.911,0.83285,101.69,1.0678,85.121,0.82679,88.153,1.0366,95.442,0.97807,41.586,1.1165,47.993,1.1054,50.128,0.39135,0.15417,0.16863,0.15177,0.15597,0.31049,0.064189,0.27685,0.16909,0.31519,0.088651,0.17043,1.0755,0.51032,0.20488,627.84
1.0886,56.218,1.0424,55.881,0.86671,88.62,0.4699,57.986,0.59473,0.71918,0.6156,107.13,0.9217,43.833,0.91732,33.242,0.83821,79.578,1.1116,83.097,1.102,89.495,0.97698,89.826,0.91231,86.564,0.51341,0.13534,0.33688,0.18467,0.098065,0.36481,0.099567,0.22139,0.19078,0.32823,0.15345,0.23909,0.6921,0.63858,0.10003,604.07
0.8198,132.11,1.101,105.35,1.1163,117.5,0.82154,96.085,0.8,0.55148,0.54456,180,0.95,152.9,0.83846,75.81,0.82463,59.494,1.1637,53.502,1.0699,30,0.97009,62.18,1.0276,55.18,0.38019,0.10997,0.14024,0.16047,0.13388,0.33345,0.12624,0.24452,0.11724,0.25639,0.078082,0.17252,1.025,0.53458,0.12148,574
0.89956,81.96,0.99994,96.355,1.0908,72.066,0.58506,59.094,0.71364,0.59413,0.65918,78.471,0.93463,47.065,0.90179,70.835,1.0581,68.225,1.0727,65.681,1.15,86.965,1.1367,75.538,0.77582,34.424,0.45155,0.10098,0.24416,0.20289,0.08556,0.39325,0.1557,0.19374,0.19827,0.33603,0.18786,0.24376,0.57858,0.85642,0.092543,599.43
1.0882,50.229,0.97808,133.44,0.85071,138.61,0.45,80.944,0.5876,0.68456,0.57579,114.34,0.81374,86.282,0.97856,70.451,0.90286,91.011,0.57052,90.7,0.987,57.342,0.87619,85.13,0.75,42.188,0.56354,0.15542,0.41971,0.21812,0.081828,0.26064,0.13501,0.32387,0.20113,0.38503,0.20239,0.2979,0.86859,0.75539,0.18865,740.99
0.92811,24.126,0.95245,141.1,0.89251,135.32,0.72354,66.803,0.45,0.68682,0.60404,138.86,0.82473,136.86,1.0933,30,0.75,92.388,0.69506,80.324,0.93045,79.365,0.90803,44.69,1.0012,20.879,0.58952,0.12058,0.43877,0.1946,0.14081,0.24258,0.15674,0.25636,0.1326,0.51734,0.15027,0.39299,0.39028,0.54533,0.038414,552.41
0.82137,42.174,0.93313,53.644,1.1257,57.26,0.57931,104.82,0.53635,0.57231,0.72156,150.45,0.81535,121.06,0.75764,59.991,0.885,84.681,0.5,67.021,1.0459,88.275,1.0106,82.024,0.86161,20.55,0.4354,0.1164,0.25606,0.23676,0.16313,0.32153,0.18655,0.20999,0.18713,0.22655,0.209,0.18571,0.76086,1.4138,0.073166,741.91
1.1358,31.673,1.1355,100.08,0.87548,127.58,0.59724,81.348,0.51129,0.70311,0.57796,75.694,0.81495,80.893,1.04,39.225,0.88512,85.589,0.64687,82.477,0.9838,84.383,0.87029,69.036,1.0475,49.885,0.46717,0.1534,0.2415,0.19242,0.095593,0.20975,0.090554,0.28011,0.17718,0.1464,0.13135,0.31132,1.1408,0.38631,0.1845,635.1
1.1884,99.634,0.92027,115.5,0.87348,118.63,0.61956,79.547,0.8,0.4897,0.72001,63.389,0.88859,103.47,1.25,89.827,0.75,88.81,0.95914,78.106,1.0864,94.526,0.87952,96.839,0.81627,85.722,0.47723,0.17051,0.31119,0.1817,0.18265,0.41507,0.1481,0.21501,0.1931,0.3811,0.11905,0.2514,0.63772,0.86017,0.12481,652.21
1.1142,47.448,0.88378,111.56,0.98193,134.15,0.7484,58.039,0.56423,0.53186,0.7232,79.109,0.80137,144.64,1.1327,76.865,0.99923,72.763,0.65689,79.279,1.0076,100,1.044,40.75,0.96758,49.141,0.46895,0.13871,0.34377,0.19978,0.10217,0.30223,0.084401,0.21527,0.18253,0.28185,0.14743,0.31278,0.60537,0.74552,0.10268,597.98
0.82163,79.149,0.90467,138.69,0.86059,113.21,0.54848,116.45,0.59924,0.60434,0.6281,61.372,0.86214,149.28,1.18,52.98,0.88579,57.224,1.0625,78.264,0.85,34.255,1.053,71.34,1.154,11.992,0.59279,0.091035,0.44294,0.12687,0.14329,0.40209,0.14079,0.3782,0.1114,0.4088,0.10642,0.41438,0.30412,0.42842,0.026093,505.35
0.81493,42.483,1.0826,83.891,0.92143,109.07,0.54753,55.905,0.59732,0.73505,0.48121,137.78,0.86633,158.29,1.231,40.362,0.79328,58.751,0.57949,89.191,1.0614,51.273,0.85,63.132,0.97171,65.301,0.50433,0.098829,0.28599,0.17637,0.15457,0.3866,0.10805,0.20193,0.15311,0.27726,0.11847,0.30137,0.6628,0.70528,0.019073,564.85
0.94436,105.56,1.1423,132.29,1.0735,128.6,0.63125,103.01,0.51817,0.48993,0.57649,167.97,0.85559,162.02,0.82085,77.446,0.88275,68.358,0.79153,54.739,0.94111,30.608,1.1309,37.151,1.1687,82.807,0.41936,0.079534,0.21923,0.088311,0.073209,0.32866,0.15553,0.27663,0.099715,0.28684,0.14024,0.14014,1.4285,0.12368,0.30539,667.19
0.84791,51.952,0.91416,56.755,0.95987,69.654,0.75575,77.803,0.59498,0.71799,0.54989,89.704,0.84552,159.56,1.0784,66.759,1.0652,82.714,0.62756,55.25,0.85179,42.349,1.0213,65.411,1.2205,55.425,0.53021,0.08633,0.35468,0.1017,0.14414,0.36675,0.16489,0.26351,0.096056,0.32077,0.11461,0.41377,0.27944,0.11704,0.22912,477.53
0.93077,74.02,0.98455,113.5,0.93216,120.47,0.715,112.47,0.59033,0.65452,0.72173,66.003,0.83983,140.14,0.97261,69.894,0.88262,55.23,1.1717,78.576,1.1113,94.431,1.1048,37.78,1.0495,54.427,0.53087,0.082802,0.36806,0.15619,0.069742,0.40343,0.14648,0.22039,0.12795,0.40359,0.11089,0.3725,0.61,0.45071,0.099592,559.21
1.2351,98.603,1.042,140.79,1.0022,146.81,0.70793,48.029,0.6244,0.64737,0.64869,66.618,0.93782,66.961,0.87244,87.848,0.92797,76.455,0.8409,93.637,0.94664,63.501,0.98555,54.526,1.0024,65.788,0.39632,0.15448,0.21002,0.18361,0.14116,0.21627,0.091664,0.30127,0.16441,0.27691,0.09939,0.2193,1.0163,0.56231,0.39434,711.99
0.96923,40.071,1.0261,150,0.98812,87.565,0.70393,59.272,0.77081,0.67685,0.70276,40,0.84591,156.84,0.88115,77.39,1.0981,78.609,1.0901,57.393,1.0796,54.677,1.1412,85.259,1.1344,27.175,0.495,0.075587,0.31349,0.16083,0.064323,0.42342,0.13054,0.20755,0.11239,0.35019,0.11213,0.37953,0.60844,0.37111,0.17737,550.35
1.1367,20.119,1.1116,142.56,1.1009,112.48,0.52214,74.8,0.7383,0.45,0.51691,63.388,0.91134,119.68,1.0293,82.981,1.25,98.67,0.98072,59.883,1.0798,80.387,0.94371,61.773,0.79235,87.947,0.3871,0.098015,0.15672,0.18722,0.093543,0.33979,0.10514,0.246,0.12856,0.3281,0.11888,0.2398,0.97149,0.51541,0.22458,612.53
1.0418,49.251,0.9547,99.247,1.0399,97.758,0.81727,115.18,0.73249,0.73805,0.8,155.33,0.86418,59.323,1.08,74.278,1.1962,79.529,0.86546,61.674,1.1433,30.997,1.1055,85.667,0.90941,29.336,0.4726,0.12665,0.30986,0.20847,0.086705,0.39198,0.10044,0.20522,0.18857,0.3897,0.16086,0.30896,0.55149,0.58128,0.18803,593.47
0.98064,70.531,1.0847,111.21,0.97737,110.68,0.77737,75.305,0.7519,0.63243,0.78664,115.53,0.90011,40.902,0.78829,37.172,0.88782,67.487,1.1812,74.845,1.0179,71.683,0.98965,57.045,1.0021,13.774,0.48938,0.11377,0.26587,0.17844,0.076236,0.28959,0.13558,0.25951,0.18668,0.19079,0.14592,0.21148,0.87339,0.62679,0.068614,595.15
1.057,105.24,1.103,134.13,0.94536,101.82,0.74177,82.854,0.73074,0.54518,0.50009,71.228,0.79454,87.163,0.77382,42.082,1.0128,59.997,1.1193,54.154,0.96976,43.67,1.028,57.797,0.90333,90,0.49696,0.15308,0.30185,0.22613,0.094825,0.29362,0.12229,0.29354,0.21184,0.24158,0.17783,0.27288,1.2549,0.86637,0.098279,758.04
1.0899,131.1,0.96926,58.918,1.0727,101.25,0.71673,40,0.45911,0.57113,0.51163,62.531,0.92561,94.782,1.1917,34.877,0.82099,68.82,0.63055,69.19,0.99381,42.68,0.92753,100,0.94679,44.185,0.34234,0.104,0.19693,0.18607,0.091329,0.17218,0.083701,0.26297,0.16126,0.22756,0.12865,0.21095,0.83585,0.79155,0.1417,594.7
1.2323,128.41,0.86931,80.436,0.9247,68.984,0.66377,40,0.47789,0.75947,0.61184,119.64,0.85422,45.525,1.1775,61.911,1.0241,85.292,0.94679,91.956,1.0735,61.997,0.91694,40.935,0.90963,33.015,0.52888,0.21266,0.32773,0.19257,0.21275,0.45475,0.15446,0.22786,0.23585,0.43085,0.1292,0.32468,0.67912,0.7919,0.24904,730.53
1.0248,85.648,1.091,60.861,0.87048,95.277,0.70181,59.571,0.71897,0.62302,0.54735,92.285,0.89139,124.87,0.82826,48.131,0.99006,81.495,0.82856,74.351,0.98674,30,0.85638,42.975,0.84028,69.928,0.41179,0.084037,0.29388,0.18821,0.064312,0.17959,0.12664,0.29421,0.18111,0.3359,0.17342,0.24508,1.0179,0.8688,0.085342,673.52
1.1763,39.169,1.15,80.587,0.86483,137.31,0.80381,78.663,0.71862,0.69382,0.8,90.099,0.78769,67.29,1.077,60.646,1.0415,75.299,0.80059,72.017,1.1193,47.847,1.0964,54.184,1.1271,75.885,0.50181,0.18023,0.1822,0.14259,0.14994,0.3851,0.05825,0.21207,0.17724,0.41579,0.080118,0.26547,0.87968,0.37919,0.20686,597.94
1.2091,65.767,0.85687,122.38,1.0274,64.648,0.60418,55.281,0.4765,0.61441,0.76692,115.05,0.78,160.25,1.115,82.11,0.8495,58.346,0.77439,60.306,1.1062,87.867,1.0757,94.421,1.2242,73.083,0.44971,0.16604,0.27245,0.12579,0.17712,0.38781,0.058545,0.19192,0.14586,0.36534,0.099413,0.31331,0.55765,0.34509,0.25786,553.73
1.0523,85.321,1.0053,136.06,0.88247,110.14,0.64747,90.009,0.71005,0.49823,0.67128,130.96,0.94384,129.49,0.78396,36.257,0.92347,75.169,1.2354,72.312,0.88983,86.25,1.1328,41.632,1.2021,67.698,0.45289,0.084374,0.26522,0.086772,0.088683,0.36065,0.098902,0.19897,0.073429,0.39029,0.13252,0.3243,0.17391,0.55774,0.14505,459.59
0.85138,64.919,1.1214,73.512,0.96405,83.747,0.59553,98.963,0.76042,0.50893,0.59859,144.28,0.76348,178.02,0.75,34.611,1.1422,83,1.25,51.661,0.93907,90.613,1.042,85.948,0.81628,14.466,0.53027,0.12298,0.20058,0.18277,0.14629,0.36778,0.15218,0.23093,0.20217,0.36,0.19853,0.29738,0.94391,0.59458,0.13517,655.94
1.0695,116.06,1.1077,121.38,0.88677,79.087,0.70168,59.704,0.71809,0.7188,0.5102,70.608,0.95,125.83,0.95544,80.281,0.8387,53.869,0.98841,93.451,1.0173,82.476,1.15,73.113,0.86629,85.129,0.41931,0.087402,0.2148,0.17191,0.10198,0.34781,0.07453,0.2048,0.10408,0.32885,0.13428,0.20339,0.67985,1.0346,0.15457,640.24
1.0028,66.977,0.97569,144.57,0.98034,90.163,0.55106,110.21,0.47705,0.60022,0.60874,99.044,0.8316,166.68,0.93697,58.543,1.2081,50,0.87442,65.516,1.1055,75.715,0.9583,57.272,0.86506,84.273,0.48122,0.085898,0.38611,0.20243,0.064022,0.34713,0.12856,0.23673,0.14572,0.34329,0.16054,0.33424,0.49353,0.42644,0.21818,572.1
0.92814,21.942,1.0258,57.186,1.0297,113.54,0.67122,71.626,0.52927,0.64863,0.5538,72.884,0.90259,136.35,1.0077,90.462,0.84207,50,0.5742,65.018,1.0699,52.063,1.0199,69.069,1.023,54.996,0.44576,0.079839,0.27933,0.17662,0.11811,0.36836,0.15371,0.19474,0.12372,0.26099,0.10263,0.31651,0.68615,0.40451,0.12667,533.49
1.0767,104.18,0.98002,67.127,0.88723,68.748,0.71897,55.135,0.45156,0.76729,0.63667,142.5,0.85007,55.005,1.1598,36.059,1.2005,57.471,0.73516,75.998,0.85,68.823,1.0894,54.88,1.0455,69.686,0.53521,0.15439,0.39984,0.18698,0.12088,0.37048,0.081156,0.25006,0.18049,0.4354,0.11182,0.41704,0.40172,0.50423,0.18724,583.25
1.0157,133.14,0.8911,54.5,0.88816,110.33,0.80002,75.985,0.46655,0.56415,0.74419,53.772,0.85209,163.84,1.034,44.474,1.25,59.886,0.96417,78.279,0.96263,43.552,0.96502,60.646,1.1882,65.555,0.56393,0.12932,0.45897,0.1418,0.16757,0.584,0.11315,0.26861,0.12857,0.50453,0.073635,0.48872,0.56115,0.071248,0.34087,621.55
0.83857,95.769,1.15,132.25,1.1177,91.639,0.75961,42.935,0.78374,0.67651,0.45,170.65,0.92937,168.89,1.1576,70.738,0.99958,60.189,0.96077,73.571,0.99651,31.626,0.98746,74.167,1.1286,64.022,0.38538,0.10456,0.19603,0.10621,0.12992,0.32764,0.083681,0.23895,0.094107,0.21778,0.094341,0.14174,1.0333,0.43184,0.14973,566.25
1.0734,109.44,0.95417,133.17,0.98377,116.02,0.58039,63.853,0.61462,0.64224,0.56968,173.44,0.78381,92.766,0.99516,38.339,0.95017,74.614,1.0175,82.476,0.89595,93.937,1.1402,100,0.75,73.788,0.56259,0.22294,0.40703,0.23075,0.19009,0.48812,0.1062,0.25057,0.22137,0.51004,0.20454,0.32321,0.41851,0.90364,0.13677,686.56
0.84513,39.755,1.1169,150,0.95739,133.1,0.47974,63.508,0.7656,0.45729,0.62098,180,0.86398,81.522,0.87625,69.865,1.1338,91.258,1.25,79.178,1.0551,63.588,0.93889,35.465,0.89004,20.146,0.48893,0.10222,0.18353,0.16869,0.15401,0.34572,0.13783,0.24513,0.18004,0.28923,0.16013,0.20285,1.0314,0.73086,0.09335,655.18
1.25,71.912,1.15,113.25,1.01,67.268,0.76397,40,0.63583,0.56739,0.50664,121.59,0.79326,92.977,0.98672,86.014,1.25,80.562,0.81676,61.308,1.0179,81.53,1.026,76.659,1.25,22.511,0.40969,0.18427,0.1923,0.12555,0.17362,0.3378,0.059337,0.27265,0.16346,0.3659,0.10758,0.17627,1.3192,0.28234,0.39469,722.11
0.95468,34.036,0.91699,144.75,1.0701,60.871,0.49872,72.9,0.6916,0.51286,0.61175,103.21,0.75076,63.241,0.86684,76.903,1.1598,83.505,0.73916,79.735,1.1393,45.635,1.0171,95.105,0.97105,20.546,0.55204,0.23011,0.36516,0.2462,0.14299,0.38983,0.17125,0.25665,0.2409,0.50878,0.19502,0.39365,0.7518,0.47059,0.18252,677.2
1.115,83.615,1.1043,86.271,0.87144,87.912,0.65819,40.468,0.72648,0.78052,0.62698,136.18,0.8866,71.981,0.95705,88.376,1.0444,66.936,1.0111,88.649,1.0169,96.453,1.0767,65.154,0.7637,10.847,0.48249,0.14073,0.27311,0.20341,0.13311,0.39483,0.088676,0.23434,0.18329,0.38071,0.16628,0.22975,0.88109,0.68231,0.19178,676.83
1.2441,36.678,1.1018,87.302,0.85,87.538,0.62791,49.618,0.53701,0.47702,0.48682,132.58,0.82267,113.62,0.80573,86.706,0.87032,50.434,0.899,69.292,0.98827,36.512,0.9818,86.646,0.98339,90,0.48587,0.16905,0.28689,0.21252,0.13293,0.32056,0.09976,0.2934,0.18328,0.38312,0.14236,0.3307,1.1364,0.63123,0.34949,789.18
0.96189,111.51,1.0148,135.1,1.0835,135.73,0.80106,93.93,0.51317,0.54785,0.66933,162.97,0.93086,97.703,1.1671,37.943,0.86749,56.478,1.1374,62.386,1.0366,51.79,0.87742,43.28,1.0209,55.799,0.38264,0.075238,0.15966,0.16781,0.078819,0.24302,0.088258,0.22603,0.13452,0.2218,0.093255,0.2354,0.85834,0.57269,0.089861,528.56
0.8865,84.992,1.031,110.17,0.95643,147.32,0.51437,77.809,0.77473,0.78295,0.67694,154.26,0.88937,178.37,0.94621,45.372,0.78755,65.264,1.0541,77.99,1.021,98.233,1.1197,67.896,0.92671,89.057,0.49091,0.088747,0.33796,0.17934,0.098783,0.39991,0.15921,0.20324,0.11421,0.3121,0.14039,0.22992,0.69452,0.86923,0.0693,628.17
0.84891,47.673,0.93103,96.816,1.0433,149.77,0.70172,64.343,0.62412,0.73505,0.8,51.686,0.76706,99.515,0.89749,32.476,1.0831,67.118,0.75937,92.027,1.1375,76.945,0.85,95.94,1.0834,90,0.49647,0.15745,0.24347,0.15843,0.16514,0.33774,0.17616,0.23108,0.17902,0.42928,0.09394,0.32851,0.71415,0.2678,0.18312,561.18
0.86418,71.9,0.87988,50,1.0058,138.35,0.5596,53.336,0.75787,0.49818,0.5073,54.271,0.80345,143.38,0.94275,75.284,0.81055,59.18,0.59924,54.675,0.92437,67.342,1.0529,55.051,1.1215,85.595,0.50953,0.08991,0.25294,0.12485,0.13437,0.36337,0.18656,0.2014,0.13612,0.30368,0.10793,0.33215,0.78975,0.044752,0.24898,546.25
1.0284,98.056,1.0196,93.456,1.0923,119.58,0.70627,93.667,0.70101,0.56621,0.54709,109.51,0.86674,58.105,1.018,62.139,1.1657,82.307,0.89269,77.991,1.1214,77.373,1.1163,90.849,0.79957,38.755,0.44043,0.13622,0.24721,0.22394,0.1101,0.3877,0.11707,0.21356,0.20883,0.41064,0.18016,0.26795,0.76565,0.65202,0.20125,645.18
0.82011,115.29,0.93568,70.863,1.1423,50,0.65936,44.78,0.67854,0.60432,0.45,89.608,0.95,180,0.93444,35.854,0.89781,81.6,0.65038,96.162,0.8718,93.093,0.9233,55.824,0.8288,75.643,0.37278,0.11674,0.12329,0.15377,0.13217,0.3062,0.13743,0.21469,0.13179,0.26208,0.14677,0.2264,1.4817,0.68321,0.1814,723.57
1.1969,82.849,0.89969,94.626,1.047,138.64,0.85,63.628,0.8,0.69463,0.56225,153.07,0.8184,166.61,0.75204,91.385,0.79799,53.414,0.78194,56.136,0.85,76.912,1.1412,60.028,0.75,43.117,0.45632,0.17737,0.26865,0.21704,0.17566,0.41096,0.12257,0.24469,0.1804,0.40782,0.16113,0.2915,0.6682,0.85208,0.26461,706.34
0.77888,28.173,0.95135,90.378,0.9154,63.95,0.53423,72.638,0.49063,0.63808,0.6962,169.85,0.88656,52.561,0.95337,88.709,1.0976,70.204,0.87897,95.628,0.86329,69.309,1.0932,77.15,0.92347,51.379,0.58566,0.10584,0.43116,0.17998,0.17305,0.45993,0.19746,0.28246,0.19681,0.34996,0.16107,0.2996,0.43403,0.48982,0.16782,611.99
0.84538,45.243,0.88216,84.255,0.85249,133.16,0.72175,73.92,0.52423,0.64674,0.63996,148.66,0.79155,152.98,1.0877,44.03,0.8551,57.726,1.0051,90.298,0.88318,42.363,1.15,73.146,1.0657,61.88,0.68415,0.13215,0.50849,0.18218,0.14781,0.58274,0.16042,0.37509,0.15324,0.63307,0.12411,0.50662,0.18097,0.41569,0.11941,584.77
1.2077,122.63,0.99251,87.304,1.135,76.762,0.73509,66.506,0.45,0.49437,0.79228,117.94,0.88732,62.054,1.189,84.958,0.77345,98.803,1.1862,90.522,1.0332,46.066,0.88566,44.112,0.9961,26.257,0.38791,0.22004,0.30793,0.17072,0.1998,0.35395,0.24702,0.44598,0.20543,0.34076,0.13396,0.27014,0.7277,0.9321,0.1856,714.07
1.1525,88.113,1.117,133.98,1.0766,116.46,0.64858,79.459,0.53131,0.51142,0.60341,138.1,0.86437,43.214,0.99476,51.194,1.038,57.372,1.198,86.649,1.0618,99.592,0.95233,91.415,0.95375,26.319,0.48298,0.20961,0.18856,0.20514,0.16516,0.37446,0.13215,0.20977,0.22486,0.41569,0.14223,0.25547,0.98241,0.7497,0.148,689.88
0.8628,140,0.98447,111.26,0.85,86.659,0.49727,44.651,0.70805,0.47477,0.8,180,0.78595,104.69,1.2415,42.977,0.87582,84.5,1.1229,66.958,1.0132,30,0.85,91.686,1.024,46.164,0.59736,0.11538,0.36515,0.14315,0.12674,0.33893,0.10089,0.28769,0.17455,0.24486,0.11248,0.35053,0.49363,0.553,0.014655,533.18
1.25,90.695,0.8872,109.65,1.0206,104.76,0.70471,88.276,0.47478,0.73182,0.55173,61.34,0.80859,116.87,0.90514,85.78,1.1861,94.349,0.99091,61.991,0.91193,90.975,0.96008,85.958,0.98177,72.914,0.45581,0.18577,0.28044,0.19912,0.16214,0.3016,0.086686,0.29272,0.1906,0.36423,0.12969,0.32701,1.1125,0.32789,0.48473,769.65
0.93755,105.51,0.98214,66.189,0.85506,137.02,0.75686,108.4,0.71314,0.57859,0.50984,133.91,0.85,133.64,0.82981,76.681,1.1309,70.535,0.67249,66.574,1.117,68.7,1.0667,88.605,0.86085,76.626,0.5385,0.084742,0.42238,0.18904,0.054791,0.39931,0.15338,0.24176,0.13831,0.38191,0.17807,0.26669,0.40108,0.49968,0.19275,580.05
1.2252,127.93,1.0141,74.906,0.97084,51.506,0.59117,81.25,0.74874,0.65345,0.6858,160.35,0.90204,57.636,1.0861,74.549,1.1636,93.172,0.90928,79.681,0.88076,35.437,1.0865,62.599,1.1384,63.93,0.2571,0.071267,0.25938,0.068458,0.094833,0.22761,0.080086,0.22472,0.11902,0.2647,0.15094,0.1792,0.71231,0.30152,0.1141,447.99
0.7956,37.257,0.90762,105.67,1.0698,137.7,0.49928,52.647,0.65741,0.64681,0.69034,99.514,0.84032,42.988,0.78561,74.759,1.143,76.533,1.0165,83.448,0.85332,68.164,1.0869,49.64,0.75725,52.921,0.46664,0.12916,0.29035,0.23303,0.17069,0.34895,0.1854,0.26541,0.2319,0.31646,0.20399,0.2544,0.95344,0.40624,0.18493,653.88
0.86738,69.84,1.0236,107.52,1.0395,107.55,0.58159,88.727,0.47855,0.64905,0.6682,48.364,0.78283,136.49,1.1272,37.846,0.98604,80.421,0.68929,93.274,0.96136,82.726,1.1174,73.582,1.2416,38.489,0.48311,0.11236,0.1718,0.081525,0.12542,0.3881,0.14485,0.17528,0.12854,0.41612,0.12076,0.29159,0.66953,0.25543,0.16505,507.2
0.80273,140,1.1004,109.35,0.85,105.45,0.47274,81.913,0.45055,0.8,0.53627,55.806,0.88058,164.12,0.75,63.059,0.82548,63.3,0.75438,70.208,1.0129,50.597,0.98258,74.585,0.80234,69.062,0.48135,0.10722,0.27443,0.19485,0.15239,0.36735,0.17474,0.22557,0.15197,0.25239,0.18005,0.20748,0.84881,0.83036,0.11665,667.31
1.157,83.939,1.0627,82.013,0.99856,110.95,0.71255,51.188,0.48743,0.7206,0.59685,103.87,0.92555,167.9,0.79381,93.471,0.95357,98.213,1.0933,53.398,0.87456,94.381,0.85466,42.132,0.96158,57.956,0.41068,0.11258,0.22678,0.17828,0.11582,0.32278,0.076534,0.31882,0.11384,0.27925,0.1094,0.18079,1.1245,0.58428,0.20499,662.44
0.88619,62.857,0.92238,90.204,0.89637,137.89,0.57594,82.869,0.71914,0.64104,0.66197,42.84,0.92038,106.04,0.85956,69.703,1.1237,91.819,0.63463,70.71,0.92766,89.13,1.0417,56.641,0.77386,44.061,0.52652,0.083921,0.43371,0.14002,0.11597,0.34322,0.15552,0.25217,0.15325,0.23864,0.17009,0.37139,0.73111,0.296,0.22587,618.77
1.1353,104.27,1.1356,117.43,1.1243,68.247,0.73712,94.929,0.52124,0.7726,0.50163,174.19,0.81386,169.5,1.0913,39.531,0.76302,58.455,1.0672,94.639,1.15,99.258,0.90558,82.315,0.80768,52.312,0.47839,0.21776,0.22692,0.23283,0.22636,0.4811,0.18768,0.21739,0.2147,0.43438,0.17997,0.27282,0.84284,0.95076,0.19482,751.39
1.004,138.31,1.0269,102.75,0.85553,80.893,0.82343,103.81,0.66661,0.68637,0.45,180,0.94373,151.67,0.90018,54.54,0.98589,71.728,1.0148,59.237,1.1345,51.047,0.8813,76.511,0.78438,25.431,0.43159,0.071591,0.31958,0.15441,0.039695,0.30293,0.088205,0.22193,0.092174,0.26755,0.13101,0.26531,0.3571,0.88982,0.097922,538.08
1.0827,32.266,0.90106,76.117,0.9167,65.404,0.77598,112.82,0.64379,0.62103,0.65264,179.28,0.86243,140.57,0.85112,57.124,1.2154,99.744,0.63491,58.443,1.0751,80.601,0.89275,70.63,1.1442,90,0.52441,0.10542,0.43175,0.15014,0.11243,0.31929,0.11281,0.26252,0.13889,0.37624,0.065555,0.46854,0.54568,0.064075,0.50833,643.59
0.90801,54.164,1.0054,65.937,0.9107,127.38,0.52,79.822,0.75633,0.53262,0.50629,180,0.95,81.671,1.1345,53.742,0.92409,77.636,0.92108,96.499,0.99169,80.228,1.0707,47.566,1.0881,50.125,0.50267,0.083728,0.35766,0.13645,0.10531,0.34307,0.12171,0.23304,0.12168,0.23577,0.074249,0.37934,0.42606,0.34661,0.10169,480.14
0.97761,76.737,0.94391,100.47,1.0478,81.925,0.52022,50.988,0.72293,0.58791,0.46603,79.857,0.8777,166.63,1.009,62.005,0.97011,89.004,1.1337,56.581,0.94362,93.279,1.0727,95.246,1.0044,54.077,0.42512,0.063779,0.27364,0.1855,0.051151,0.35249,0.12832,0.23148,0.1269,0.26125,0.11491,0.29464,0.78525,0.5297,0.091924,551.1
1.0598,23.722,0.88787,70.871,0.85,54.504,0.55612,59.237,0.46054,0.78809,0.71332,170.72,0.93389,99.516,0.88073,80.81,0.82068,94.73,0.98661,54.351,0.90938,46.868,1.0448,46.714,1.1728,50.622,0.49639,0.068551,0.45056,0.12222,0.075495,0.31751,0.12355,0.25432,0.090387,0.33336,0.085239,0.46267,0.37976,0.012106,0.34818,522.43
0.97001,133.96,1.1089,71.721,0.86756,95.988,0.76722,80.554,0.75786,0.60205,0.68313,76.843,0.82554,131.37,1.1421,40.824,1.0902,55.731,0.51273,95.406,0.95536,39.937,0.9461,53.795,0.85306,28.529,0.47393,0.096416,0.29899,0.20583,0.097311,0.21976,0.10868,0.24669,0.20194,0.30553,0.18223,0.20239,0.82254,0.65443,0.10466,614.69
0.80924,75.26,1.0054,64.497,1.0075,120.77,0.78817,63.078,0.64196,0.48979,0.73467,67.468,0.84054,143.81,0.85733,54.405,0.90809,54.102,0.61297,73.354,1.0549,64.891,1.0425,58.912,0.89161,70.6,0.49839,0.081428,0.3507,0.20907,0.15127,0.38457,0.19876,0.20418,0.15881,0.27505,0.17748,0.25563,0.57204,1.0225,0.071153,656.31
1.049,44.543,0.96945,96.22,0.85,91.449,0.71763,62.686,0.48067,0.54504,0.6463,141.31,0.80579,86.197,0.99603,70.754,0.86318,68.528,0.55983,50,1.1135,90.726,0.90398,68.63,1.2132,57.601,0.57409,0.13948,0.36434,0.12133,0.091285,0.38169,0.12845,0.21527,0.13939,0.47692,0.10584,0.41818,0.47889,0.04051,0.30248,546.7
1.1254,109.16,0.88153,96.198,0.9512,136.98,0.77687,81.981,0.49292,0.62792,0.56185,59.237,0.92158,160.72,0.86079,79.346,0.96525,50,0.88395,73.491,1.0534,50.631,1.1061,36.051,0.93244,48.265,0.46646,0.12367,0.32192,0.17339,0.14916,0.44146,0.085894,0.20205,0.1201,0.39624,0.12476,0.22983,0.52862,0.84177,0.2503,658.2
1.0316,85.241,0.9984,97.401,1.0398,136,0.56518,99.081,0.78259,0.70876,0.6663,179.48,0.88288,150.46,1.0391,49.334,0.84967,69.738,0.5,100,1.1382,66.623,0.99059,54.605,1.1983,44.388,0.42122,0.077385,0.17816,0.098768,0.067792,0.34327,0.11397,0.21013,0.08383,0.34299,0.10571,0.28549,0.73823,0.14797,0.20454,483.96
1.1014,82.823,1.0718,126.44,0.94441,116.55,0.7921,73.52,0.6535,0.67694,0.55237,87.651,0.78978,148.54,0.82571,92.127,0.81907,64.9,0.9228,51.459,0.92177,57.425,0.9198,85.682,0.93584,21.209,0.51861,0.1558,0.3537,0.23139,0.086819,0.25184,0.13087,0.36542,0.18902,0.3652,0.18211,0.37187,1.4152,0.51929,0.22313,796.58
0.91901,121.95,0.93698,100.68,0.85929,103.17,0.83981,46.298,0.51722,0.73813,0.50221,144.02,0.87312,130.39,1.1951,70.734,0.98875,54.671,0.66949,84.437,0.85,46.903,1.0533,61.507,0.84808,42.291,0.53425,0.081049,0.39538,0.1516,0.087,0.33453,0.090624,0.31539,0.17118,0.30116,0.15546,0.20938,0.63771,0.81078,0.15354,657.12
1.2492,29.622,0.96936,69.482,0.91271,61.382,0.5061,110.16,0.62072,0.61974,0.7832,49.816,0.95,152.18,1.25,76.942,1.166,89.438,0.7439,67.509,1.103,83.352,1.0929,30.531,0.97929,79.821,0.52264,0.14224,0.34623,0.16027,0.16773,0.51331,0.11964,0.3036,0.15325,0.47134,0.093606,0.32078,0.44328,0.7078,0.15033,613.13
1.0224,83.243,1.025,144.1,0.96324,81.55,0.67307,43.713,0.65321,0.72872,0.72831,100.96,0.76346,155.8,1.1445,44.478,0.83077,72.303,1.0478,81.523,0.96965,93.695,1.0189,82.034,1.0815,61.996,0.539,0.14956,0.33083,0.16745,0.081158,0.33056,0.073291,0.21896,0.16981,0.41606,0.10736,0.39526,0.58883,0.347,0.11573,534.47
0.83638,82.081,1.135,130.75,0.94082,111.42,0.57287,69.656,0.70848,0.5734,0.55061,46.427,0.78919,40,0.96527,57.766,0.94921,50,1.0264,73.329,1.1314,97.771,1.0182,64.083,0.91834,20.777,0.56853,0.24248,0.33674,0.25056,0.19908,0.48953,0.16914,0.24354,0.2575,0.51945,0.21015,0.3346,0.58776,1.2232,0.080959,763.23
0.81717,116.22,0.88627,105.77,0.89412,115.62,0.72018,103.3,0.70286,0.50334,0.66919,75.487,0.76714,41.035,0.83729,71.491,1.2263,80.756,0.76262,90.833,1.1354,92.208,0.92628,43.032,1.1303,61.179,0.63825,0.15481,0.48168,0.17648,0.15069,0.42275,0.1781,0.28055,0.18687,0.61681,0.12534,0.52498,0.4537,0.21107,0.33159,662.49
0.85608,103.92,1.0851,66.08,0.96341,112.03,0.79862,103.9,0.54729,0.74882,0.68233,64.317,0.82244,134.28,0.85681,84.922,1.1451,78.065,0.75029,64.023,0.979,100,0.94164,30,0.83583,44.886,0.52621,0.093843,0.35065,0.21901,0.14612,0.29892,0.19231,0.27367,0.18353,0.26059,0.19035,0.26356,1.0827,0.23223,0.2373,674.98
1.1773,80.087,0.89043,50,1.0298,118.02,0.63185,43.433,0.60913,0.67912,0.71059,86.75,0.80518,95.026,1.167,33.835,0.99854,65.379,0.67892,54.849,0.88929,43.205,0.98027,54.429,0.87506,39.935,0.48198,0.18798,0.29957,0.20302,0.14459,0.31297,0.10661,0.26333,0.20616,0.37339,0.14794,0.33619,0.74551,0.76763,0.19848,682.71
0.88722,99.751,0.93289,114.43,1.1048,78.455,0.72531,117.74,0.50677,0.66655,0.55387,55.968,0.83866,118.82,1.1822,36.099,0.85953,54.209,1.1034,73.715,0.99743,43.845,1.0099,79.739,0.78288,23.654,0.43203,0.089513,0.16835,0.194,0.11946,0.31072,0.11071,0.20002,0.18113,0.30979,0.18709,0.18887,1.1273,0.90026,0.12949,701.88
0.85632,65.459,1.0484,127.48,1.0836,61.957,0.57968,53.907,0.6715,0.8,0.72589,81.287,0.91234,180,1.1993,73.897,1.049,82.723,0.7508,87.011,0.98345,77.586,1.0416,92.191,0.75,81.2,0.42606,0.099395,0.20065,0.1723,0.12299,0.36402,0.097241,0.15533,0.11422,0.27124,0.1531,0.20511,0.70265,0.77569,0.035033,547.15
1.0994,96.1,1.1406,63.631,1.1169,68.301,0.47658,89.959,0.6533,0.48645,0.59486,138.8,0.76439,151.91,0.80264,30,0.95473,59.961,1.1646,73.936,0.9729,97.907,1.1311,32.994,1.147,32.03,0.43408,0.16082,0.1687,0.11771,0.12443,0.31917,0.090491,0.2834,0.16874,0.40604,0.11339,0.19336,0.95949,0.55685,0.13563,601.8
1.1123,57.72,0.90906,85.122,0.89893,63.013,0.81843,65.702,0.76435,0.63355,0.64976,146.99,0.7728,107.75,0.7814,57.997,0.75,62.49,1.0777,74.165,1.1408,96.068,0.89598,89.112,1.1707,85.592,0.58303,0.18027,0.43892,0.15767,0.15471,0.46978,0.073516,0.27104,0.17642,0.57292,0.077976,0.47776,0.44901,0.17092,0.26366,588.57
1.1031,66.91,1.0288,114.82,1.1433,111.16,0.58789,71.162,0.67255,0.8,0.61848,141.11,0.92529,116.05,1.0502,37.853,0.9142,85.754,0.87151,76.281,0.88628,59.337,1.15,72.016,1.25,10,0.35857,0.10527,0.16504,0.16613,0.11155,0.32233,0.062786,0.27369,0.10795,0.28611,0.10078,0.16611,1.0781,0.58287,0.17662,611.86
0.85328,110.91,0.94121,66.092,0.89771,79.144,0.80996,109.06,0.62277,0.63623,0.67227,97.69,0.77115,61.833,1.0201,30,0.78638,75.696,0.73253,63.984,1.0535,32.593,1.1006,51.431,0.84294,30.05,0.66242,0.17688,0.49285,0.22518,0.14921,0.43714,0.18626,0.28341,0.21178,0.60777,0.22446,0.33866,0.21471,1.0875,0.1004,712.29
0.91836,80.362,0.91063,96.329,1.0252,116.47,0.55834,115.45,0.78146,0.79594,0.58917,72.005,0.94402,126.01,1.1481,71.374,0.80994,52.759,1.1739,51.701,0.99622,79.867,0.88352,96.923,0.9447,90,0.41381,0.082918,0.26548,0.14833,0.10487,0.27104,0.10133,0.18485,0.13218,0.25086,0.10892,0.2085,0.90094,0.71826,0.0048171,563.68
0.90077,94.101,0.97985,150,0.95188,132.78,0.60975,45.099,0.7642,0.53277,0.64702,40,0.95,145.98,1.0297,71.928,1.1526,69.774,0.6291,71.673,1.0125,75.491,0.89766,97.465,1.1731,41.233,0.44694,0.089751,0.3063,0.10635,0.10548,0.29706,0.15281,0.20183,0.079636,0.21128,0.10872,0.36745,0.63095,0.15942,0.25564,519.33
1.1674,111.59,1.1024,145.34,0.85382,139.45,0.61451,83.424,0.67807,0.47323,0.76162,40,0.75522,97.903,1.0091,38.409,0.88114,80.225,1.0274,63.324,1.018,90.892,0.89564,46.34,0.87583,63.045,0.5275,0.20498,0.31045,0.22897,0.14945,0.33872,0.10387,0.23617,0.22091,0.43503,0.17641,0.35439,0.99114,0.67757,0.25536,758.46
1.2029,108.77,0.85,73.826,0.86853,114.09,0.74421,47.232,0.5037,0.57456,0.7214,95.793,0.91798,128.54,0.83241,45.283,1.0938,80.212,0.68239,57.462,0.9063,93.025,1.0271,34.105,1.2194,22.713,0.44333,0.1465,0.38362,0.15837,0.14845,0.33059,0.060541,0.26109,0.13044,0.40326,0.066046,0.36943,0.74028,0.39308,0.4306,688.31
1.1939,76.071,1.0134,52.353,0.97935,150,0.72807,61.297,0.56609,0.468,0.5978,46.419,0.87962,133.78,0.78038,48.847,0.77123,74.979,1.181,65.052,1.0922,36.094,1.0672,70.963,0.96593,27.334,0.46384,0.15181,0.28251,0.18579,0.16306,0.42717,0.10045,0.19657,0.15616,0.40546,0.12353,0.25616,0.8783,0.68322,0.19867,676.51
0.75,73.813,0.88153,87.211,0.87582,125.33,0.62149,75.297,0.74001,0.67764,0.57614,95.561,0.85024,132.93,1.0156,64.82,1.0513,72.143,0.69781,62.244,1.0528,98.707,0.95338,33.044,0.99981,19.835,0.61194,0.12363,0.49119,0.16933,0.18256,0.42604,0.19883,0.37102,0.15544,0.36954,0.14464,0.39812,0.50781,0.44986,0.14272,630.28
1.25,132,0.97461,82.722,0.99115,115.98,0.797,61.395,0.68968,0.53617,0.78317,60.535,0.82475,95.7,1.1944,94.193,1.1946,58.626,0.64011,56.075,0.94592,40.99,0.98856,63.254,1.0401,61.009,0.49153,0.21119,0.26456,0.1842,0.21582,0.43572,0.14928,0.22354,0.20569,0.43444,0.10324,0.34267,0.57311,0.7215,0.19919,648.81
1.2375,129.68,1.0904,116.09,1.1219,67.224,0.74863,58.051,0.75091,0.5384,0.52415,76.005,0.90798,155.17,1.2003,73.276,1.2479,71.49,0.80005,55.057,1.0805,50.67,1.0859,77.748,0.77112,24.618,0.30363,0.15917,0.14536,0.15218,0.17687,0.37054,0.16155,0.37107,0.12424,0.36076,0.079291,0.26524,0.71254,0.30156,0.11402,476.37
0.88074,40.921,1.0663,111.14,1.1323,105.71,0.83663,117.48,0.58563,0.68959,0.8,153.22,0.7618,52.54,1.1562,56.651,1.0664,96.389,0.78274,79.916,1.0426,87.331,0.93028,58.306,1.1902,48.355,0.42505,0.16936,0.21371,0.066332,0.15277,0.28217,0.11273,0.23447,0.16522,0.40871,0.12086,0.13968,0.84338,0.45894,0.18252,581.42
0.96754,88.016,0.94499,142.12,1.0667,117.18,0.46048,108.68,0.55898,0.50734,0.6678,104.94,0.83493,55.187,1.1826,55.786,0.82586,97.873,0.80858,61.194,0.86623,77.502,0.91376,62.572,0.75,56.826,0.44058,0.13017,0.22831,0.19251,0.10906,0.19083,0.087288,0.21885,0.24691,0.35937,0.1818,0.20939,0.92115,0.8954,0.094972,662.64
1.2073,81.533,0.97638,75.269,1.0632,97.651,0.56834,64.262,0.69382,0.5697,0.61779,170.45,0.91256,169.14,1.0541,52.909,1.0944,93.616,0.70321,50,1.0054,87.203,1.0221,72.772,0.97368,79.693,0.32886,0.12058,0.17634,0.1801,0.13032,0.23507,0.097681,0.23245,0.12841,0.23238,0.10195,0.19263,0.92045,0.59235,0.23944,604.87
0.86283,43.197,1.0176,87.135,0.86841,146.9,0.51886,116.9,0.52153,0.70326,0.47232,127.89,0.82238,51.8,1.1018,70.532,0.81169,93.678,1.2431,94.158,1.0422,73.604,1.1017,32.334,1.0841,52.364,0.59219,0.11574,0.29776,0.12024,0.12595,0.39918,0.13328,0.20544,0.17664,0.4084,0.083674,0.28951,0.71707,0.56255,0.073719,592.28
0.94491,113.7,1.0656,133.07,0.88635,73.556,0.71109,56.659,0.56514,0.50523,0.53064,89.588,0.80739,61.765,1.1812,83.151,1.0833,70.571,0.77227,95.998,1.0256,68.939,1.1005,82.516,1.0854,24.694,0.54548,0.13782,0.2833,0.16083,0.078853,0.41268,0.059092,0.20675,0.18073,0.33012,0.1047,0.34176,0.6326,0.60813,0.091383,572.29
0.98034,111.65,0.91403,143.99,1.1051,50.049,0.65512,108.02,0.72473,0.5733,0.70818,135.95,0.82819,160.73,1.25,61.575,0.77783,85.748,0.76488,92.766,0.87664,41.365,0.88477,52.583,1.1332,61.704,0.4054,0.097853,0.2238,0.11889,0.090218,0.17675,0.05802,0.19237,0.12733,0.16072,0.078679,0.26926,0.63355,0.45892,0.096919,469.32
0.88729,55.148,0.96931,148.02,1.15,75.448,0.68814,107.83,0.75064,0.67509,0.48382,54.974,0.93192,85.688,0.85773,83.765,1.2381,51.637,1.0204,61.708,1.0126,43.535,0.90707,38.207,1.0319,45.931,0.36403,0.080774,0.14016,0.16787,0.12734,0.26506,0.12165,0.28132,0.13072,0.22054,0.098926,0.13589,1.2216,0.34683,0.22246,608.93
1.0556,110.35,1.1421,91.956,0.93653,70.487,0.60246,82.433,0.50066,0.49966,0.68305,157.23,0.85762,89.18,1.2226,66.747,1.0707,79.217,0.63829,82.216,1.0547,48.647,0.86256,94.847,0.99441,84.815,0.44146,0.11911,0.19944,0.17992,0.07396,0.23815,0.10022,0.19657,0.16663,0.19626,0.10378,0.25728,0.86167,0.69661,0.091403,580.22
1.0886,72.456,1.0867,100.17,1.0784,70.795,0.6784,94.572,0.8,0.6153,0.61942,59.181,0.79668,89.277,1.1632,95,0.85453,73.445,1.225,62.8,1.0475,73.548,1.0815,48.829,0.85282,62.742,0.42817,0.1793,0.17987,0.18181,0.13926,0.35178,0.10097,0.18491,0.23884,0.26132,0.14985,0.18618,0.89499,0.84563,0.042551,616.91
1.1222,68.84,1.0155,132.92,0.98608,78.294,0.52803,98.273,0.70597,0.52222,0.59955,88.55,0.84072,99.591,1.0931,78.278,1.0748,58.78,1.25,96.615,0.95726,76.27,1.0772,83.933,1.2257,11.209,0.46893,0.14219,0.2181,0.13788,0.1417,0.33977,0.046142,0.21861,0.16448,0.26947,0.091886,0.17227,1.0171,0.71969,0.088402,628.56
0.9066,20,0.94182,139.36,0.93568,61.366,0.59287,51.057,0.60513,0.75745,0.73779,58.544,0.93971,59.715,1.1816,54.052,0.96994,76.027,1.0422,59.587,0.85,87.169,1.1221,60.749,1.1199,29.773,0.54442,0.081439,0.39356,0.12976,0.12124,0.4138,0.11993,0.32669,0.13256,0.28763,0.077862,0.41897,0.17694,0.3934,0.057802,452.86
0.75792,121.05,1.0439,110.02,1.1279,66.462,0.67238,118.31,0.68623,0.48766,0.49577,138.26,0.84594,134.44,0.82983,87.002,0.84324,74.386,1.25,95.733,1.0884,96.158,0.89073,74.911,1.1201,72.635,0.41286,0.086716,0.17514,0.10361,0.14375,0.36277,0.13815,0.36913,0.087422,0.34909,0.11696,0.17516,0.90456,0.54779,0.065018,555.03
1.0884,74.536,1.15,106.47,1.0028,54.364,0.79554,48.355,0.71025,0.62079,0.71387,133.05,0.83869,85.119,1.048,95,1.075,72.811,0.91511,67.324,1.0019,87.212,0.98652,50.213,0.77841,88.603,0.44355,0.13521,0.26518,0.22281,0.091096,0.28321,0.096844,0.28164,0.19964,0.23246,0.17725,0.2429,1.091,0.63048,0.17764,683.48
0.83721,71.626,1.0051,125.37,0.93773,50,0.60512,74.839,0.62549,0.67839,0.45893,133.75,0.79546,80.958,1.0313,90.194,1.22,68.22,0.89954,79.496,1.0488,43.736,0.91985,41.531,0.86422,47.366,0.58195,0.12121,0.40595,0.21324,0.16056,0.32871,0.14779,0.19415,0.18986,0.47931,0.17964,0.37082,0.70709,0.36299,0.21733,651.68
1.1105,47,1.0565,116.05,1.1341,91.453,0.78295,43.069,0.77378,0.55269,0.6629,124.13,0.75,128.67,1.0478,70.495,0.89572,84.517,0.64451,50.082,0.96473,76.477,1.1411,36.254,0.80801,30.661,0.43733,0.17764,0.24433,0.24504,0.1174,0.31722,0.10488,0.29321,0.22259,0.38326,0.20101,0.26969,0.9915,1.0035,0.16247,749.2
0.84706,52.688,1.089,68.448,0.85077,117.85,0.65201,68.823,0.76074,0.746,0.67694,179.74,0.81401,117.99,0.92089,40.923,0.85592,79.384,0.97687,92.95,0.96368,46.276,1.1402,45.019,1.0232,38.42,0.5401,0.093687,0.34434,0.20892,0.13408,0.39931,0.17853,0.22767,0.16385,0.25453,0.14443,0.3782,0.76357,0.53975,0.12557,627.99
0.75,118.22,1.1282,110.03,1.137,138.96,0.57316,50.636,0.6154,0.58718,0.48945,89.245,0.89255,156.94,0.87296,95,1.1348,97.565,0.69919,61.737,1.0979,50.823,1.1445,92.426,1.2069,69.86,0.25715,0.071272,0.25941,0.068452,0.094831,0.22766,0.080083,0.22476,0.11903,0.26475,0.15094,0.17922,0.71251,0.30151,0.11402,448.02
0.89829,65.68,0.93165,135.44,1.0394,59.331,0.7525,101.21,0.57973,0.76694,0.73705,139.27,0.90253,68.584,0.87849,82.199,1.127,80.85,0.58991,85.399,0.99411,30,1.0156,35.908,1.2248,10.001,0.46113,0.081173,0.26878,0.15091,0.12175,0.29896,0.16953,0.2044,0.13713,0.22515,0.13482,0.31082,1.0316,0.081859,0.28135,601.11
1.109,140,1.1252,74.362,1.0041,144.18,0.7274,54.751,0.51608,0.57707,0.73758,129.57,0.7952,166.58,0.81214,80.524,0.81584,67.007,0.7646,53.727,0.99585,33.671,0.96488,44.122,0.98439,31.884,0.4571,0.14424,0.29777,0.22123,0.11064,0.27817,0.099273,0.32191,0.17602,0.38008,0.1584,0.33914,1.172,0.58433,0.23416,734.56
0.78728,121.81,0.93121,53.06,1.1152,95.377,0.51208,98.721,0.7393,0.45277,0.7854,177.19,0.94923,60.845,0.84254,35.011,0.93359,68.843,0.65203,87.779,0.96842,78.731,0.87929,94.669,1.0505,75.981,0.39094,0.093246,0.13425,0.14786,0.16085,0.30435,0.15163,0.22093,0.14786,0.19177,0.088966,0.16328,1.2206,0.20334,0.19829,580.15
0.75,31.393,1.0219,99.326,1.0924,96.544,0.6565,85.442,0.73452,0.72802,0.53086,58.902,0.85509,141.71,0.92874,58.601,0.88572,85.499,0.6122,92.092,0.90657,35.536,1.0911,47.731,0.98788,10,0.43421,0.071193,0.22966,0.21191,0.17529,0.36477,0.1746,0.22925,0.16371,0.28848,0.1632,0.23726,0.86464,0.76227,0.10774,639.08
1.1094,85.023,1.1205,135.24,1.0697,65.108,0.73627,59.912,0.57209,0.58175,0.67388,130.29,0.95,152.1,0.76555,93.483,0.79295,61.029,0.51649,87.321,1.0011,37.237,1.021,75.567,0.83024,15.132,0.31917,0.0848,0.12543,0.17078,0.098258,0.22586,0.065785,0.25961,0.12235,0.20236,0.12311,0.17927,1.0872,0.70453,0.20474,626.25
0.89053,123.92,0.85,147.46,1.0733,61.466,0.65229,47.815,0.54012,0.68901,0.66085,116.72,0.85148,118.16,0.76226,66.734,0.94999,65.738,0.68594,90.49,1.0372,57.688,1.0249,90.388,0.88583,56.023,0.45654,0.084321,0.28759,0.2132,0.10325,0.34672,0.17196,0.23521,0.16442,0.24486,0.18027,0.223,0.49247,1.294,0.10039,675.63
1.2005,126.57,0.99887,101.25,1.0644,83.728,0.6776,92.703,0.59777,0.67069,0.65636,131.68,0.87454,93.166,1.25,80.674,1.0284,80.39,0.71186,60.17,0.9301,87.537,1.0584,68.509,1.2214,46.014,0.42314,0.16579,0.19811,0.14921,0.17277,0.37442,0.098413,0.19349,0.14364,0.35923,0.055802,0.28486,0.52677,0.64914,0.16404,548.46
1.0528,80.89,0.91856,82.168,0.92656,50,0.73747,68.88,0.64195,0.63704,0.55667,147.12,0.90649,62.032,0.96942,75.466,0.80825,53.579,0.6609,57.214,1.0599,35.439,1.1117,47.555,1.1776,47.827,0.51987,0.1229,0.40785,0.13991,0.10336,0.40045,0.09364,0.23835,0.1225,0.33642,0.079725,0.44451,0.29496,0.15136,0.33228,531.77
1.1442,139.37,1.0537,149.17,0.88378,114.79,0.70402,95.457,0.46336,0.61008,0.70029,129.35,0.93694,133.01,0.81076,82.992,0.93076,57.125,0.69099,57.289,1.0238,37.468,0.85,46.585,1.116,52.747,0.29566,0.11089,0.24128,0.15366,0.10998,0.17341,0.059345,0.27291,0.11342,0.1188,0.060231,0.30612,0.99257,0.3055,0.35462,599.94
0.75256,75.057,0.93944,50,0.94186,75.941,0.58035,88.029,0.60008,0.68204,0.73901,128.69,0.87948,49.234,0.93751,42.595,0.81595,54.276,0.58295,61.17,1.0206,58.548,1.0211,62.068,1.2057,46.25,0.56546,0.10946,0.35881,0.12881,0.18244,0.41141,0.21776,0.22743,0.13858,0.39531,0.12168,0.42032,0.60123,0.19932,0.35042,635.82
1.0796,124.4,1.0546,50,1.1271,61.734,0.70894,113.98,0.56882,0.56438,0.53579,111.05,0.90152,122.24,0.8032,30,0.98484,57.108,1.1359,97.059,1.15,58.567,0.86054,30,0.89543,74.948,0.37993,0.10517,0.18125,0.20234,0.10036,0.30376,0.1102,0.25501,0.12647,0.32269,0.15382,0.22083,0.84582,0.82433,0.10902,609.45
0.94397,90.446,1.0921,50,0.99022,141.96,0.48511,86.581,0.51867,0.54605,0.68013,122.03,0.89187,69.553,1.1615,68.156,1.1203,87.644,0.86717,68.259,1.0395,35.689,0.95315,98.252,0.82796,90,0.47228,0.094099,0.29592,0.1832,0.09149,0.28793,0.092255,0.19246,0.17962,0.21922,0.16357,0.21814,0.72887,0.68221,0.10572,590.59
1.25,38.788,0.95014,121.6,0.96578,117.03,0.73237,86.241,0.67297,0.49044,0.56938,77.547,0.93817,161.41,1.2123,55.623,1.1791,79.808,0.74936,80.125,1.005,30,1.1337,30,0.80544,67.574,0.46204,0.13597,0.32366,0.17369,0.1494,0.4205,0.13118,0.26188,0.13926,0.40458,0.10736,0.31242,0.48649,0.66245,0.19849,604.49
1.0092,70.806,1.112,105.78,0.97971,133.53,0.57706,51.163,0.8,0.63861,0.71595,127.76,0.84846,100,1.1127,55.155,1.1414,62.699,1.0016,94.666,1.1307,67.991,1.134,55.073,0.75,18.184,0.48352,0.10255,0.29546,0.21211,0.079578,0.40883,0.1061,0.21063,0.15905,0.38414,0.18062,0.25124,0.64544,0.79629,0.13516,629.22
1.1787,90.087,0.86604,80.048,0.85935,71.718,0.79423,74.217,0.8,0.52766,0.47315,158.94,0.78312,163.46,1.1225,35.177,0.77753,65.438,0.86177,61.102,0.92483,68.602,0.95016,53.202,1.25,45.275,0.49291,0.16498,0.46477,0.16437,0.12667,0.23627,0.055825,0.28023,0.13742,0.43554,0.074739,0.49819,0.51772,0.34385,0.31007,616.32
0.84645,62.932,0.89543,86.909,0.87623,109.96,0.54374,70.541,0.71673,0.7121,0.45053,54.385,0.95,151.44,0.91959,74.416,0.92306,73.829,1.0944,87.625,1.0724,61.802,1.114,39.902,1.1067,51.131,0.5255,0.11662,0.4458,0.098773,0.12501,0.40765,0.16673,0.32935,0.10593,0.30983,0.080953,0.42294,0.45798,0.24655,0.12981,519.21
0.95433,133.35,1.15,50,1.1076,90.9,0.8417,114.99,0.48389,0.5799,0.7528,114.81,0.80921,40,1.0823,83.004,1.0132,86.377,0.8668,65.389,0.93914,79.486,0.95508,82.792,0.78594,26.448,0.45218,0.16128,0.23759,0.23284,0.10627,0.24689,0.11771,0.26977,0.25692,0.26681,0.20818,0.17219,0.93104,0.72319,0.079991,637.2
0.80384,24.379,1.0837,71.646,1.0437,102.55,0.82819,118.4,0.77856,0.46082,0.59003,180,0.90082,108.02,1.0115,50.774,0.89221,89.484,0.94722,87.634,1.1423,56.955,1.1462,64.085,1.25,86.048,0.4498,0.06211,0.15166,0.10843,0.14475,0.415,0.16442,0.17743,0.065223,0.393,0.17125,0.22226,0.88103,0.019647,0.2743,533.62
0.92694,56.954,0.94149,128.72,0.95007,50,0.83086,81.94,0.49483,0.47729,0.46447,63.755,0.91836,74.943,0.93349,38.461,1.2131,86.365,0.72983,80.04,0.93279,55.841,0.93682,82.108,1.1562,44.651,0.52569,0.087222,0.3806,0.12752,0.10436,0.26841,0.15138,0.22233,0.13158,0.15502,0.085784,0.41887,1.0259,0.024081,0.36927,650.24
0.90962,93.716,1.0185,110.96,1.0049,105.27,0.8364,120,0.49645,0.61131,0.5035,141.95,0.90699,112.61,0.92878,73.474,1.0418,74.95,0.96424,69.728,0.8904,30.771,1.1216,48.261,0.75,32.475,0.46654,0.076913,0.31643,0.17686,0.088068,0.36566,0.15142,0.21,0.156,0.29468,0.1789,0.27939,0.42229,0.77063,0.12456,572.61
0.9726,136.96,0.99089,105.82,1.0913,69.708,0.7182,116.51,0.5406,0.48142,0.70902,146.65,0.91856,97.271,1.0561,75.751,0.80006,94.946,0.68102,55.456,1.1468,96.598,1.028,100,0.77486,62.233,0.4174,0.071452,0.23905,0.19609,0.052462,0.36823,0.13015,0.20255,0.11929,0.33045,0.16653,0.25096,0.45112,1.1299,0.095234,603.42
0.77958,25.78,0.91243,105.32,1.0762,114.04,0.71354,49.486,0.52347,0.73638,0.50128,131.03,0.82266,108.35,0.88507,84.32,1.1227,64.894,1.25,93.856,0.85,41.249,1.0311,39.012,0.82919,19.532,0.46148,0.099166,0.14808,0.1742,0.18192,0.33914,0.15935,0.2464,0.2189,0.38256,0.1942,0.37444,1.264,0.90421,0.070308,739.91
1.2354,129.74,1.0992,55.763,0.97444,142.22,0.52526,81.975,0.70623,0.53232,0.76608,99.394,0.84424,82.881,1.0036,92.53,1.2328,69.608,0.51639,71.055,1.15,73.089,0.87882,91.321,0.8225,58.521,0.48528,0.20671,0.30042,0.20661,0.20898,0.45011,0.14321,0.22571,0.21663,0.43927,0.13581,0.33935,0.67959,0.70188,0.32717,728.15
0.93405,133.32,0.85398,61.047,0.957,100.53,0.47394,71.288,0.53585,0.71467,0.62628,125.18,0.82214,50.757,0.99504,64.356,0.92676,93.591,0.8264,59.833,0.91935,93.061,1.0756,99.952,1.1263,64.436,0.55193,0.12525,0.3836,0.15328,0.067615,0.39809,0.15421,0.20157,0.16142,0.43044,0.11661,0.43282,0.34774,0.086007,0.22563,501.17
0.91303,49.031,0.96895,126.34,1.0328,51.32,0.83895,120,0.71743,0.69963,0.68062,40,0.82353,158.57,0.79759,30.478,0.97984,67.235,0.75879,100,0.96315,54.496,0.99519,57.255,1.1347,32.186,0.49146,0.086333,0.298,0.15985,0.12371,0.30525,0.18134,0.23068,0.13329,0.22464,0.13213,0.34858,0.93806,0.082298,0.24941,586.54
1.2074,64.093,1.082,81.371,0.96195,59.288,0.61636,80.646,0.78688,0.8,0.60146,63.812,0.84498,116.61,0.8446,40.441,0.94049,56.574,0.54664,73.024,1.1312,43.916,1.125,45.087,0.87729,11.882,0.49746,0.17344,0.30328,0.21134,0.17594,0.45521,0.12379,0.22507,0.1818,0.4393,0.15932,0.2963,0.60048,0.91517,0.25916,721.06
0.93611,105.79,0.92079,76.574,0.87411,62.547,0.55327,89.343,0.74069,0.73725,0.77574,149.75,0.90645,170.17,0.83268,69.865,1.0412,59.038,0.66851,80.18,1.0436,92.396,0.98776,80.743,1.25,42.736,0.48966,0.077149,0.4069,0.10457,0.07819,0.33397,0.15319,0.24812,0.050981,0.31101,0.12718,0.44537,0.48473,0.28876,0.39066,607.24
0.84591,134.37,1.0195,55.652,0.8636,96.092,0.67349,50.602,0.50301,0.7641,0.45946,109.91,0.939,149.39,0.94161,63.119,0.82301,78.47,0.97121,53.163,1.15,63.878,1.0354,91.108,0.92417,21.806,0.50678,0.113,0.36055,0.14824,0.1161,0.41817,0.16017,0.23494,0.10663,0.34426,0.12234,0.28725,0.24846,0.9319,0.098612,576.8
1.1433,24.467,1.0199,120.24,1.0633,108.63,0.8205,62.919,0.6211,0.50544,0.78641,115.38,0.93249,40,0.9941,67.957,0.75,97.591,0.83219,95.562,1.0099,84.103,1.0685,72.917,1.1186,84.217,0.42562,0.12806,0.15239,0.12301,0.094752,0.33402,0.093524,0.23101,0.14654,0.286,0.091989,0.23189,0.912,0.1744,0.22535,532.4
0.97402,20.094,0.90734,116.29,1.1296,132.72,0.52656,106.74,0.53361,0.45,0.76703,142.06,0.88924,141.11,1.2086,37.699,0.78271,82.43,0.61679,100,1.0228,58.088,1.1328,66.141,0.86843,88.097,0.38399,0.069146,0.15152,0.19447,0.087461,0.33577,0.10703,0.21599,0.12955,0.25435,0.15435,0.17675,1.0291,0.99817,0.00073455,623.01
1.031,57.133,1.0918,94.75,0.99023,96.669,0.48478,77.299,0.59385,0.5191,0.52309,135.14,0.86192,48.669,1.2423,32.813,0.83804,95.418,0.56364,57.212,1.15,64.533,0.99416,35.965,1.0474,42.412,0.50576,0.13222,0.28023,0.17695,0.079954,0.37549,0.084772,0.2171,0.1779,0.3854,0.10516,0.33495,0.63141,0.61236,0.093541,569.25
0.78589,52.464,1.0459,112.98,0.90727,90.298,0.82261,58.918,0.78447,0.55171,0.68592,61.665,0.89434,61.027,0.97921,69.336,1.033,88.985,0.72298,65,0.94725,86.819,1.0253,78.882,0.86461,18.473,0.53424,0.099479,0.33744,0.19278,0.16697,0.40492,0.18299,0.1971,0.20297,0.26889,0.1862,0.26664,0.83361,0.43957,0.12686,625.12
1.1895,108.89,0.8694,148.46,0.94744,113.23,0.48609,88.335,0.52735,0.74125,0.58223,171.6,0.90393,124.32,1.0773,73.598,1.2446,91.412,1.194,60.212,1.1049,56.997,1.0653,93.219,1.2039,24.345,0.40187,0.13876,0.18923,0.12579,0.15753,0.38915,0.095678,0.19721,0.13729,0.38806,0.073036,0.33218,0.70605,0.51396,0.21607,573.56
1.1098,89.757,1.0086,105.59,1.084,130.94,0.66691,80.435,0.67904,0.59365,0.45203,165.66,0.86873,99.859,0.81974,40.617,0.75248,63.307,0.89366,56.075,0.88723,79.158,0.91043,91.067,0.81209,13.761,0.3565,0.12164,0.1974,0.2088,0.084869,0.17223,0.10174,0.34649,0.19069,0.21212,0.16323,0.18732,1.5417,0.46415,0.26135,732.97
1.1457,59.147,0.98116,74.508,0.88866,146.59,0.76506,90.001,0.75885,0.74072,0.48048,165.48,0.84093,178.18,1.1818,43.014,1.0537,80.892,1.1387,80.906,0.85724,95.561,1.0872,30.064,0.83037,72.173,0.4677,0.1255,0.33759,0.18398,0.11263,0.32088,0.096924,0.26213,0.15419,0.33016,0.14909,0.1989,0.90872,0.77542,0.10831,663.57
1.061,50.381,1.0124,99.309,0.94428,145.56,0.76741,114.16,0.76631,0.63831,0.72283,49.36,0.77147,125.92,1.0913,88.184,0.86332,94.769,0.55902,80.839,1.0666,67.806,0.92854,55.467,1.1322,61.748,0.54304,0.15487,0.33553,0.1491,0.086685,0.31886,0.07787,0.20258,0.16136,0.45315,0.10081,0.40133,0.50475,0.29741,0.15764,525.87
1.0061,140,1.0196,123.17,0.89181,50,0.52471,65.332,0.55395,0.70725,0.57802,130.34,0.80897,119.66,0.94141,89.758,1.0183,60.762,1.0601,75.007,1.1254,39.343,0.96775,71.919,0.81785,51.327,0.60782,0.17107,0.39468,0.21637,0.17302,0.56012,0.13786,0.26782,0.19628,0.51152,0.20413,0.24085,0.55231,0.60474,0.08716,636.29
0.7504,128.98,1.1155,114.07,1.0606,134.22,0.57934,49.545,0.45202,0.48787,0.55,40,0.77247,150.59,1.235,95,0.86239,86.415,0.85348,51.801,0.86421,84.683,0.94962,96.459,1.2461,90,1.3224,0.11608,0.27508,0.098064,0.12135,0.20792,0.10376,0.23243,0.09581,0.24798,0.12682,0.17435,0.86789,0.39189,0.18464,743.93
0.96558,122.01,1.0593,106.94,0.88944,125.46,0.73093,59.269,0.79634,0.5559,0.72682,172.39,0.81245,113.39,0.82798,49.296,0.80572,79.274,0.81663,88.922,1.0917,54.62,0.93558,35.09,1.0133,67.41,0.52076,0.10676,0.35633,0.20966,0.079916,0.32099,0.14984,0.2688,0.16647,0.34017,0.14191,0.39646,0.6802,0.5128,0.12824,601.27
0.95418,77.408,0.86991,56.584,1.15,60.622,0.49546,100.75,0.75797,0.54994,0.71874,139.14,0.89849,40,0.96414,68.936,1.2106,71.074,0.79832,77.437,0.98826,30,1.1122,35.541,0.81827,69.678,0.41222,0.1188,0.15269,0.21291,0.085383,0.28712,0.13212,0.28221,0.21795,0.25435,0.16588,0.20247,1.1109,0.49684,0.18807,637.79
1.1608,120.22,1.1352,82.58,1.1207,129.65,0.78143,56.483,0.68276,0.8,0.45,60.632,0.8336,102.69,1.0695,84.949,0.83193,88.509,1.0394,95.385,0.98074,41.28,1.1179,48.476,1.1104,50.196,0.39787,0.16331,0.17112,0.15008,0.15883,0.34763,0.056717,0.27754,0.16569,0.38834,0.093873,0.17885,1.0475,0.51604,0.20994,633.28
1.0935,56.057,1.0438,55.709,0.86659,87.656,0.46963,57.506,0.59138,0.71647,0.61741,106.49,0.92344,42.613,0.91407,33.061,0.8372,79.539,1.1163,82.646,1.0991,89.679,0.98028,89.891,0.91448,86.131,0.51388,0.13791,0.33302,0.18473,0.098244,0.35945,0.0987,0.21915,0.19114,0.3256,0.15208,0.23367,0.72234,0.6578,0.10067,612.72
0.81643,132.4,1.1023,104.58,1.1162,117.09,0.82166,95.759,0.8,0.54974,0.54401,180,0.95,151.63,0.84207,75.244,0.82046,59.616,1.1605,53.676,1.0666,30,0.97082,62.155,1.0285,55.654,0.37915,0.11133,0.14014,0.15997,0.13535,0.33284,0.12611,0.24429,0.11692,0.25236,0.077916,0.17131,1.0176,0.53152,0.1198,570.84
0.90289,81.298,0.99829,95.287,1.088,71.725,0.58708,58.488,0.71194,0.59146,0.65852,78.71,0.93427,47.822,0.89847,70.796,1.0598,67.949,1.0756,65.253,1.15,86.435,1.1385,75.512,0.77717,35.121,0.45389,0.099286,0.24815,0.20215,0.08276,0.39538,0.15227,0.1938,0.19492,0.34318,0.18593,0.24225,0.58594,0.90641,0.085433,608.44
1.0906,51.712,0.97916,133.63,0.8519,137.39,0.45,80.212,0.58705,0.6835,0.57775,113.95,0.8135,87.246,0.9811,71.074,0.90161,91.383,0.57834,90.65,0.98753,57.593,0.8778,85.292,0.75,41.926,0.56671,0.15832,0.41876,0.21845,0.086907,0.29004,0.13313,0.32385,0.20131,0.3903,0.2011,0.30425,0.89545,0.74029,0.1912,747.23
0.928,23.907,0.95188,140.39,0.89171,135.55,0.72429,67.402,0.45216,0.68961,0.60345,139.62,0.82464,136.94,1.096,30,0.75,92.452,0.70353,80.645,0.92888,79.244,0.90631,45.179,1.0006,21.27,0.59363,0.12601,0.43854,0.19368,0.14097,0.2421,0.15573,0.25712,0.13828,0.52864,0.14952,0.39177,0.37987,0.54642,0.033589,550.54
0.82294,42.291,0.93151,53.152,1.1255,57.939,0.58251,104.4,0.53471,0.57101,0.71987,149.6,0.81553,120.65,0.75739,59.583,0.89043,85.052,0.5,66.836,1.047,88.577,1.0114,82.417,0.86448,20.147,0.43234,0.11371,0.25574,0.2368,0.16228,0.32241,0.1856,0.21039,0.18698,0.22582,0.2084,0.18634,0.76537,1.3883,0.080369,739.59
1.1366,33.744,1.1377,99.999,0.87708,127.59,0.59713,81.265,0.51261,0.70471,0.58039,75.538,0.81665,80.301,1.0353,39.282,0.88853,85.949,0.64701,82.046,0.98289,84.884,0.86982,68.652,1.0496,50.152,0.465,0.15328,0.23526,0.19091,0.093001,0.20914,0.089183,0.28244,0.17629,0.14705,0.12952,0.30698,1.1476,0.36633,0.18816,631.4
1.1922,99.098,0.91883,115.82,0.87351,118.64,0.61572,79.977,0.8,0.49225,0.72156,63.136,0.8906,103.31,1.25,89.351,0.75,89.108,0.95645,77.645,1.0832,94.284,0.87905,97.204,0.81583,86.064,0.46019,0.16656,0.31917,0.18175,0.17871,0.42213,0.15005,0.22499,0.17762,0.37852,0.12016,0.26701,0.63635,0.85718,0.13172,651.97
1.1114,48.451,0.88396,110.79,0.98384,132.96,0.74774,58.393,0.56574,0.53187,0.72379,79.918,0.80037,145.55,1.1287,77.066,0.999,73.218,0.65484,79.403,1.0088,100,1.042,41.286,0.97319,48.575,0.47524,0.14141,0.34446,0.20098,0.1016,0.30252,0.083181,0.21655,0.18183,0.28648,0.14695,0.3218,0.65827,0.71896,0.10371,605.71
0.81899,80.329,0.90841,137.78,0.86128,113.5,0.545,116.7,0.60141,0.60457,0.62639,62.443,0.8613,147.36,1.1787,53.491,0.88784,57.019,1.0566,78.394,0.85,34.622,1.0525,70.765,1.1532,11.621,0.59404,0.090599,0.44232,0.13123,0.14456,0.4028,0.14119,0.37447,0.11082,0.41569,0.10908,0.41658,0.27722,0.43249,0.020296,499.47
0.81931,42.37,1.0811,84.478,0.92282,109.17,0.54475,56.7,0.59666,0.73566,0.47971,138.36,0.86512,158.09,1.2314,40.103,0.79642,58.615,0.5872,88.879,1.0587,50.962,0.85,62.981,0.97456,65.512,0.50479,0.097147,0.28732,0.1757,0.15322,0.3828,0.10767,0.20208,0.15325,0.27741,0.11783,0.30296,0.67493,0.68545,0.02313,564.85
0.94885,105.9,1.1444,131.46,1.0753,128.87,0.62914,103.73,0.51908,0.48875,0.57643,167.73,0.85595,162.61,0.82404,77.161,0.88379,68.456,0.78851,54.727,0.93945,30.571,1.1314,36.926,1.1707,83.441,0.4246,0.07203,0.22658,0.088151,0.068403,0.3419,0.15558,0.27746,0.098919,0.30488,0.14265,0.14013,1.4229,0.10779,0.30786,667.31
0.84991,52.505,0.91432,55.836,0.95868,69.772,0.75595,77.526,0.59473,0.72052,0.55052,89.706,0.84721,157.22,1.0812,66.339,1.0621,83.095,0.62383,55.828,0.85136,42.354,1.0238,64.928,1.2219,55.99,0.52946,0.086008,0.35608,0.10062,0.14283,0.36679,0.16383,0.26699,0.094845,0.32182,0.11907,0.41577,0.28772,0.1235,0.22515,479.37
0.93673,73.088,0.98377,114.38,0.92962,119.73,0.71446,112.85,0.59191,0.65453,0.72299,66.757,0.83896,138.57,0.97111,69.884,0.88506,55.605,1.1745,78.746,1.1102,94.32,1.1043,37.573,1.0495,54.078,0.52987,0.080793,0.36785,0.15433,0.071569,0.4018,0.14484,0.22184,0.12956,0.40191,0.11113,0.36665,0.63549,0.44729,0.096618,561.82
1.2369,98.626,1.0417,139.4,1.0033,146.52,0.70897,47.916,0.62376,0.64947,0.64537,66.468,0.93811,66.522,0.87232,87.89,0.93037,76.074,0.84807,93.34,0.94789,64.036,0.98584,54.375,1.0049,65.523,0.39747,0.15535,0.20835,0.18395,0.14228,0.2196,0.091639,0.29962,0.1651,0.28621,0.09837,0.22002,1.0128,0.558,0.39416,710.97
0.96795,42.087,1.0258,149.69,0.98725,86.95,0.70749,59.815,0.77346,0.67736,0.70094,40.265,0.84502,155.63,0.88184,77.822,1.1017,78.61,1.0885,57.957,1.0794,54.753,1.1428,84.552,1.1335,26.475,0.49601,0.075967,0.31577,0.16208,0.063282,0.42052,0.12936,0.20629,0.11365,0.36698,0.11365,0.38151,0.60745,0.37001,0.17829,551.82
1.1406,20.346,1.1085,141.65,1.0983,111.56,0.52526,74.928,0.74156,0.45,0.51947,63.523,0.91323,118.8,1.0301,82.395,1.25,98.8,0.97429,60.371,1.0759,80.098,0.9469,62.001,0.79678,87.634,0.3895,0.090066,0.15648,0.18575,0.092423,0.33553,0.097982,0.25467,0.13885,0.31886,0.11697,0.23335,1.0282,0.47734,0.20712,608.69
1.0447,50.565,0.9564,99.527,1.0382,96.922,0.8168,115.75,0.73288,0.73549,0.8,154.03,0.86411,60.616,1.0755,74.014,1.1923,79.538,0.87116,61.834,1.1419,30.865,1.1047,85.832,0.91417,30.099,0.46967,0.1239,0.31247,0.20844,0.09586,0.39552,0.099092,0.20573,0.18727,0.3948,0.16249,0.30797,0.56986,0.56895,0.19289,597.63
0.9852,72.046,1.0821,110.22,0.97779,110.77,0.78025,75.149,0.74905,0.63124,0.78722,116.86,0.90047,40,0.78857,37.024,0.88551,67.789,1.1763,75.371,1.0205,72.107,0.98795,57.409,1.0076,14.05,0.49012,0.11517,0.27055,0.17878,0.073506,0.29005,0.134,0.25918,0.18465,0.19432,0.14428,0.21644,0.99041,0.68324,0.074789,633.12
1.0598,105.11,1.1011,133.54,0.94252,101.22,0.74451,82.437,0.72749,0.54779,0.50338,71.37,0.7935,87.536,0.778,42.004,1.0158,59.993,1.1121,54.46,0.97244,43.701,1.0283,57.363,0.90611,89.852,0.49897,0.15398,0.31491,0.22655,0.09589,0.29762,0.12038,0.30108,0.2069,0.31353,0.17733,0.29328,1.1588,0.77099,0.10715,730.94
