  0.00000	 -0.86225	  0.00000	 54.90569	  0.00000	-44.12440	  0.00000	-100.49200	  0.00000	 48.39719	  0.00000	-49.73630	  0.00000	  5.68675	  0.00000	-44.87810	  0.00000	-44.66600	  0.00000	 -6.42675	  0.00000	 53.99859	  0.00000	 55.71648	  0.00000	 -2.57753	  0.00000	 55.06705	  0.00000	-21.80619	  0.00000	-102.45296	  0.00000	 52.32999	  0.00000	-25.98830	  0.00000	  0.62131	  0.00000	-44.22858	  0.00000	-33.21445	  0.00000	 -6.41789	  0.00000	 43.53928	  0.00000	 77.45289	
  0.02000	 -0.86225	  0.02000	 54.90569	  0.02000	-44.12440	  0.02000	-100.49200	  0.02000	 48.39719	  0.02000	-49.73630	  0.02000	  5.68675	  0.02000	-44.87810	  0.02000	-44.66600	  0.02000	 -6.42675	  0.02000	 53.99859	  0.02000	 55.71648	  0.02000	 -2.92344	  0.02000	 54.33618	  0.02000	-23.87539	  0.02000	-102.70076	  0.02000	 56.03411	  0.02000	-30.33194	  0.02000	 -4.03804	  0.02000	-45.25483	  0.02000	-32.84147	  0.02000	 -9.50576	  0.02000	 45.46207	  0.02000	 75.51237	
  0.04000	 -0.86225	  0.04000	 54.90569	  0.04000	-44.12440	  0.04000	-100.49200	  0.04000	 48.39719	  0.04000	-49.73630	  0.04000	  5.68675	  0.04000	-44.87810	  0.04000	-44.66600	  0.04000	 -6.42675	  0.04000	 53.99859	  0.04000	 55.71648	  0.04000	 -2.83302	  0.04000	 54.26936	  0.04000	-23.99313	  0.04000	-102.62365	  0.04000	 55.27608	  0.04000	-30.38839	  0.04000	 -3.44864	  0.04000	-45.54213	  0.04000	-30.09972	  0.04000	 -9.27764	  0.04000	 48.21495	  0.04000	 75.61518	
  0.06000	 -0.86225	  0.06000	 54.90569	  0.06000	-44.12440	  0.06000	-100.49200	  0.06000	 48.39719	  0.06000	-49.73630	  0.06000	  5.68675	  0.06000	-44.87810	  0.06000	-44.66600	  0.06000	 -6.42675	  0.06000	 53.99859	  0.06000	 55.71648	  0.06000	 -2.59466	  0.06000	 54.12043	  0.06000	-24.05860	  0.06000	-102.40340	  0.06000	 54.17998	  0.06000	-30.24698	  0.06000	 -2.45419	  0.06000	-45.82737	  0.06000	-27.28643	  0.06000	 -8.78168	  0.06000	 50.89010	  0.06000	 75.69756	
  0.08000	 -0.86225	  0.08000	 54.90569	  0.08000	-44.12440	  0.08000	-100.49200	  0.08000	 48.39719	  0.08000	-49.73630	  0.08000	  5.68675	  0.08000	-44.87810	  0.08000	-44.66600	  0.08000	 -6.42675	  0.08000	 53.99859	  0.08000	 55.71648	  0.08000	 -2.27367	  0.08000	 53.89382	  0.08000	-24.08368	  0.08000	-102.09541	  0.08000	 52.84689	  0.08000	-29.96651	  0.08000	 -1.20513	  0.08000	-46.09991	  0.08000	-24.42033	  0.08000	 -8.15255	  0.08000	 53.49492	  0.08000	 75.74258	
  0.10000	 -0.86225	  0.10000	 54.90569	  0.10000	-44.12440	  0.10000	-100.49200	  0.10000	 48.39719	  0.10000	-49.73630	  0.10000	  5.68675	  0.10000	-44.87810	  0.10000	-44.66600	  0.10000	 -6.42675	  0.10000	 53.99859	  0.10000	 55.71648	  0.10000	 -1.93826	  0.10000	 53.62918	  0.10000	-24.07639	  0.10000	-101.76237	  0.10000	 51.41087	  0.10000	-29.58182	  0.10000	  0.14155	  0.10000	-46.31642	  0.10000	-21.51664	  0.10000	 -7.49743	  0.10000	 56.06992	  0.10000	 75.73915	
  0.12000	 -0.86225	  0.12000	 54.90569	  0.12000	-44.12440	  0.12000	-100.49200	  0.12000	 48.39719	  0.12000	-49.73630	  0.12000	  5.68675	  0.12000	-44.87810	  0.12000	-44.66600	  0.12000	 -6.42675	  0.12000	 53.99859	  0.12000	 55.71648	  0.12000	 -1.60177	  0.12000	 53.43396	  0.12000	-24.02658	  0.12000	-101.43541	  0.12000	 50.63395	  0.12000	-29.07506	  0.12000	  0.92363	  0.12000	-46.38699	  0.12000	-18.60399	  0.12000	 -6.79300	  0.12000	 58.72001	  0.12000	 75.69861	
  0.14000	 -0.86225	  0.14000	 54.90569	  0.14000	-44.12440	  0.14000	-100.49200	  0.14000	 48.39719	  0.14000	-49.73630	  0.14000	  5.68675	  0.14000	-44.87810	  0.14000	-44.66600	  0.14000	 -6.42675	  0.14000	 53.99859	  0.14000	 55.71648	  0.14000	 -1.38929	  0.14000	 53.37725	  0.14000	-23.95269	  0.14000	-101.25394	  0.14000	 50.90340	  0.14000	-28.53703	  0.14000	  0.70104	  0.14000	-46.26146	  0.14000	-15.72105	  0.14000	 -6.16066	  0.14000	 61.50189	  0.14000	 75.60246	
  0.16000	 -0.86225	  0.16000	 54.90569	  0.16000	-44.12440	  0.16000	-100.49200	  0.16000	 48.39719	  0.16000	-49.73630	  0.16000	  5.68675	  0.16000	-44.87810	  0.16000	-44.66600	  0.16000	 -6.42675	  0.16000	 53.99859	  0.16000	 55.71648	  0.16000	 -1.37410	  0.16000	 53.37983	  0.16000	-23.88326	  0.16000	-101.27413	  0.16000	 51.72304	  0.16000	-28.04540	  0.16000	 -0.18450	  0.16000	-46.00536	  0.16000	-12.87548	  0.16000	 -5.69298	  0.16000	 64.32706	  0.16000	 75.42187	
  0.18000	 -0.86225	  0.18000	 54.90569	  0.18000	-44.12440	  0.18000	-100.49200	  0.18000	 48.39719	  0.18000	-49.73630	  0.18000	  5.68675	  0.18000	-44.87810	  0.18000	-44.66600	  0.18000	 -6.42675	  0.18000	 53.99859	  0.18000	 55.71648	  0.18000	 -1.50300	  0.18000	 53.43563	  0.18000	-23.82769	  0.18000	-101.43027	  0.18000	 53.00469	  0.18000	-27.62746	  0.18000	 -1.59885	  0.18000	-45.61404	  0.18000	-10.07435	  0.18000	 -5.32589	  0.18000	 67.18256	  0.18000	 75.14913	
  0.20000	 -0.86225	  0.20000	 54.90569	  0.20000	-44.12440	  0.20000	-100.49200	  0.20000	 48.39719	  0.20000	-49.73630	  0.20000	  5.68675	  0.20000	-44.87810	  0.20000	-44.66600	  0.20000	 -6.42675	  0.20000	 53.99859	  0.20000	 55.71648	  0.20000	 -1.71027	  0.20000	 53.55069	  0.20000	-23.79023	  0.20000	-101.64421	  0.20000	 54.60403	  0.20000	-27.28057	  0.20000	 -3.32520	  0.20000	-45.06969	  0.20000	 -7.31560	  0.20000	 -4.97889	  0.20000	 70.07074	  0.20000	 74.78162	
  0.22000	 -0.86225	  0.22000	 54.90569	  0.22000	-44.12440	  0.22000	-100.49200	  0.22000	 48.39719	  0.22000	-49.73630	  0.22000	  5.68675	  0.22000	-44.87810	  0.22000	-44.66600	  0.22000	 -6.42675	  0.22000	 53.99859	  0.22000	 55.71648	  0.22000	 -1.93717	  0.22000	 53.66156	  0.22000	-23.77155	  0.22000	-101.85178	  0.22000	 56.27774	  0.22000	-26.98243	  0.22000	 -5.12202	  0.22000	-44.43024	  0.22000	 -4.59194	  0.22000	 -4.58497	  0.22000	 72.92699	  0.22000	 74.31940	
  0.24000	 -0.86225	  0.24000	 54.90569	  0.24000	-44.12440	  0.24000	-100.49200	  0.24000	 48.39719	  0.24000	-49.73630	  0.24000	  5.68675	  0.24000	-44.87810	  0.24000	-44.66600	  0.24000	 -6.42675	  0.24000	 53.99859	  0.24000	 55.71648	  0.24000	 -2.12194	  0.24000	 53.80085	  0.24000	-23.76535	  0.24000	-101.99311	  0.24000	 57.96424	  0.24000	-26.68051	  0.24000	 -6.82349	  0.24000	-43.66468	  0.24000	 -1.89374	  0.24000	 -4.05258	  0.24000	 75.78126	  0.24000	 73.76997	
  0.26000	 -0.86225	  0.26000	 54.90569	  0.26000	-44.12440	  0.26000	-100.49200	  0.26000	 48.39719	  0.26000	-49.73630	  0.26000	  5.68675	  0.26000	-44.87810	  0.26000	-44.66600	  0.26000	 -6.42675	  0.26000	 53.99859	  0.26000	 55.71648	  0.26000	 -2.25245	  0.26000	 53.95311	  0.26000	-23.77289	  0.26000	-102.06692	  0.26000	 59.46611	  0.26000	-26.37364	  0.26000	 -8.23626	  0.26000	-42.79961	  0.26000	  0.78535	  0.26000	 -3.41482	  0.26000	 78.62132	  0.26000	 73.12980	
  0.28000	 -0.86225	  0.28000	 54.90569	  0.28000	-44.12440	  0.28000	-100.49200	  0.28000	 48.39719	  0.28000	-49.73630	  0.28000	  5.68675	  0.28000	-44.87810	  0.28000	-44.66600	  0.28000	 -6.42675	  0.28000	 53.99859	  0.28000	 55.71648	  0.28000	 -2.34470	  0.28000	 54.11477	  0.28000	-23.79765	  0.28000	-102.10738	  0.28000	 60.61885	  0.28000	-26.07564	  0.28000	 -9.22372	  0.28000	-41.85586	  0.28000	  3.44789	  0.28000	 -2.75881	  0.28000	 81.45225	  0.28000	 72.39224	
  0.30000	 -0.86225	  0.30000	 54.90569	  0.30000	-44.12440	  0.30000	-100.49200	  0.30000	 48.39719	  0.30000	-49.73630	  0.30000	  5.68675	  0.30000	-44.87810	  0.30000	-44.66600	  0.30000	 -6.42675	  0.30000	 53.99859	  0.30000	 55.71648	  0.30000	 -2.44645	  0.30000	 54.32848	  0.30000	-23.84536	  0.30000	-102.17081	  0.30000	 61.48404	  0.30000	-25.82873	  0.30000	 -9.86742	  0.30000	-40.79853	  0.30000	  6.08426	  0.30000	 -2.19151	  0.30000	 84.32267	  0.30000	 71.55007	
  0.32000	 -0.86225	  0.32000	 54.90569	  0.32000	-44.12440	  0.32000	-100.49200	  0.32000	 48.39719	  0.32000	-49.73630	  0.32000	  5.68675	  0.32000	-44.87810	  0.32000	-44.66600	  0.32000	 -6.42675	  0.32000	 53.99859	  0.32000	 55.71648	  0.32000	 -2.59463	  0.32000	 54.58747	  0.32000	-23.92767	  0.32000	-102.29628	  0.32000	 62.10785	  0.32000	-25.69077	  0.32000	-10.27833	  0.32000	-39.63507	  0.32000	  8.67715	  0.32000	 -1.80384	  0.32000	 87.23035	  0.32000	 70.59122	
  0.34000	 -0.86225	  0.34000	 54.90569	  0.34000	-44.12440	  0.34000	-100.49200	  0.34000	 48.39719	  0.34000	-49.73630	  0.34000	  5.68675	  0.34000	-44.87810	  0.34000	-44.66600	  0.34000	 -6.42675	  0.34000	 53.99859	  0.34000	 55.71648	  0.34000	 -2.74282	  0.34000	 54.80887	  0.34000	-24.04799	  0.34000	-102.44452	  0.34000	 62.36019	  0.34000	-25.67067	  0.34000	-10.38041	  0.34000	-38.45219	  0.34000	 11.22299	  0.34000	 -1.59270	  0.34000	 90.09844	  0.34000	 69.51122	
  0.36000	 -0.86225	  0.36000	 54.90569	  0.36000	-44.12440	  0.36000	-100.49200	  0.36000	 48.39719	  0.36000	-49.73630	  0.36000	  5.68675	  0.36000	-44.87810	  0.36000	-44.66600	  0.36000	 -6.42675	  0.36000	 53.99859	  0.36000	 55.71648	  0.36000	 -2.89306	  0.36000	 55.02278	  0.36000	-24.19242	  0.36000	-102.59668	  0.36000	 62.56637	  0.36000	-25.73084	  0.36000	-10.45588	  0.36000	-37.20301	  0.36000	 13.71813	  0.36000	 -1.45205	  0.36000	 92.93716	  0.36000	 68.33015	
  0.38000	 -0.86225	  0.38000	 54.90569	  0.38000	-44.12440	  0.38000	-100.49200	  0.38000	 48.39719	  0.38000	-49.73630	  0.38000	  5.68675	  0.38000	-44.87810	  0.38000	-44.66600	  0.38000	 -6.42675	  0.38000	 53.99859	  0.38000	 55.71648	  0.38000	 -3.06024	  0.38000	 55.26719	  0.38000	-24.36123	  0.38000	-102.74876	  0.38000	 63.01045	  0.38000	-25.88566	  0.38000	-10.75613	  0.38000	-35.83611	  0.38000	 16.14759	  0.38000	 -1.31231	  0.38000	 95.76699	  0.38000	 67.05383	
  0.40000	 -0.86225	  0.40000	 54.90569	  0.40000	-44.12440	  0.40000	-100.49200	  0.40000	 48.39719	  0.40000	-49.73630	  0.40000	  5.68675	  0.40000	-44.87810	  0.40000	-44.66600	  0.40000	 -6.42675	  0.40000	 53.99859	  0.40000	 55.71648	  0.40000	 -3.23339	  0.40000	 55.55393	  0.40000	-24.56636	  0.40000	-102.88336	  0.40000	 63.76040	  0.40000	-26.18477	  0.40000	-11.33543	  0.40000	-34.33548	  0.40000	 18.49467	  0.40000	 -1.15435	  0.40000	 98.59520	  0.40000	 65.67294	
  0.42000	 -0.86225	  0.42000	 54.90569	  0.42000	-44.12440	  0.42000	-100.49200	  0.42000	 48.39719	  0.42000	-49.73630	  0.42000	  5.68675	  0.42000	-44.87810	  0.42000	-44.66600	  0.42000	 -6.42675	  0.42000	 53.99859	  0.42000	 55.71648	  0.42000	 -3.38626	  0.42000	 55.91870	  0.42000	-24.81021	  0.42000	-102.95778	  0.42000	 64.98814	  0.42000	-26.63777	  0.42000	-12.29011	  0.42000	-32.65401	  0.42000	 20.74852	  0.42000	 -0.87303	  0.42000	101.44476	  0.42000	 64.19016	
  0.44000	 -0.86225	  0.44000	 54.90569	  0.44000	-44.12440	  0.44000	-100.49200	  0.44000	 48.39719	  0.44000	-49.73630	  0.44000	  5.68675	  0.44000	-44.87810	  0.44000	-44.66600	  0.44000	 -6.42675	  0.44000	 53.99859	  0.44000	 55.71648	  0.44000	 -3.50006	  0.44000	 56.40828	  0.44000	-25.10092	  0.44000	-102.92944	  0.44000	 66.85521	  0.44000	-27.27893	  0.44000	-13.70650	  0.44000	-30.72583	  0.44000	 22.89364	  0.44000	 -0.38387	  0.44000	104.35107	  0.44000	 62.60188	
  0.46000	 -0.86225	  0.46000	 54.90569	  0.46000	-44.12440	  0.46000	-100.49200	  0.46000	 48.39719	  0.46000	-49.73630	  0.46000	  5.68675	  0.46000	-44.87810	  0.46000	-44.66600	  0.46000	 -6.42675	  0.46000	 53.99859	  0.46000	 55.71648	  0.46000	 -3.53293	  0.46000	 57.04556	  0.46000	-25.44985	  0.46000	-102.73444	  0.46000	 69.36787	  0.46000	-28.15284	  0.46000	-15.53219	  0.46000	-28.50652	  0.46000	 24.91742	  0.46000	  0.36103	  0.46000	107.33479	  0.46000	 60.89733	
  0.48000	 -0.86225	  0.48000	 54.90569	  0.48000	-44.12440	  0.48000	-100.49200	  0.48000	 48.39719	  0.48000	-49.73630	  0.48000	  5.68675	  0.48000	-44.87810	  0.48000	-44.66600	  0.48000	 -6.42675	  0.48000	 53.99859	  0.48000	 55.71648	  0.48000	 -3.42017	  0.48000	 57.79345	  0.48000	-25.87271	  0.48000	-102.29676	  0.48000	 72.34087	  0.48000	-29.31886	  0.48000	-17.58696	  0.48000	-26.01625	  0.48000	 26.80782	  0.48000	  1.35529	  0.48000	110.37016	  0.48000	 59.05602	
  0.50000	 -0.86225	  0.50000	 54.90569	  0.50000	-44.12440	  0.50000	-100.49200	  0.50000	 48.39719	  0.50000	-49.73630	  0.50000	  5.68675	  0.50000	-44.87810	  0.50000	-44.66600	  0.50000	 -6.42675	  0.50000	 53.99859	  0.50000	 55.71648	  0.50000	 -3.13477	  0.50000	 58.61775	  0.50000	-26.37770	  0.50000	-101.57331	  0.50000	 75.65977	  0.50000	-30.79436	  0.50000	-19.77597	  0.50000	-23.26866	  0.50000	 28.55579	  0.50000	  2.61038	  0.50000	113.42825	  0.50000	 57.06573	
  0.52000	 -0.86225	  0.52000	 54.90569	  0.52000	-44.12440	  0.52000	-100.49200	  0.52000	 48.39719	  0.52000	-49.73630	  0.52000	  5.68675	  0.52000	-44.87810	  0.52000	-44.66600	  0.52000	 -6.42675	  0.52000	 53.99859	  0.52000	 55.71648	  0.52000	 -2.79267	  0.52000	 59.51357	  0.52000	-26.94916	  0.52000	-100.68616	  0.52000	 79.15205	  0.52000	-32.54174	  0.52000	-22.06139	  0.52000	-20.26777	  0.52000	 30.17924	  0.52000	  3.96465	  0.52000	116.51595	  0.52000	 54.93533	
  0.54000	 -0.86225	  0.54000	 54.90569	  0.54000	-44.12440	  0.54000	-100.49200	  0.54000	 48.39719	  0.54000	-49.73630	  0.54000	  5.68675	  0.54000	-44.87810	  0.54000	-44.66600	  0.54000	 -6.42675	  0.54000	 53.99859	  0.54000	 55.71648	  0.54000	 -2.98856	  0.54000	 59.86780	  0.54000	-27.21155	  0.54000	-100.63761	  0.54000	 80.59695	  0.54000	-33.13173	  0.54000	-23.12664	  0.54000	-18.04124	  0.54000	 32.15713	  0.54000	  4.70570	  0.54000	119.03272	  0.54000	 53.04002	
  0.56000	 -0.86225	  0.56000	 54.90569	  0.56000	-44.12440	  0.56000	-100.49200	  0.56000	 48.39719	  0.56000	-49.73630	  0.56000	  5.68675	  0.56000	-44.87810	  0.56000	-44.66600	  0.56000	 -6.42675	  0.56000	 53.99859	  0.56000	 55.71648	  0.56000	 -3.00576	  0.56000	 59.91483	  0.56000	-27.38978	  0.56000	-100.52877	  0.56000	 81.22896	  0.56000	-33.31047	  0.56000	-23.37702	  0.56000	-16.18376	  0.56000	 34.20581	  0.56000	  5.61724	  0.56000	121.19057	  0.56000	 51.16549	
  0.58000	 -0.86225	  0.58000	 54.90569	  0.58000	-44.12440	  0.58000	-100.49200	  0.58000	 48.39719	  0.58000	-49.73630	  0.58000	  5.68675	  0.58000	-44.87810	  0.58000	-44.66600	  0.58000	 -6.42675	  0.58000	 53.99859	  0.58000	 55.71648	  0.58000	 -3.00968	  0.58000	 59.91529	  0.58000	-27.56247	  0.58000	-100.40353	  0.58000	 81.81889	  0.58000	-33.45780	  0.58000	-23.56443	  0.58000	-14.31586	  0.58000	 36.21244	  0.58000	  6.58313	  0.58000	123.23965	  0.58000	 49.23602	
  0.60000	 -0.86225	  0.60000	 54.90569	  0.60000	-44.12440	  0.60000	-100.49200	  0.60000	 48.39719	  0.60000	-49.73630	  0.60000	  5.68675	  0.60000	-44.87810	  0.60000	-44.66600	  0.60000	 -6.42675	  0.60000	 53.99859	  0.60000	 55.71648	  0.60000	 -3.00435	  0.60000	 59.91670	  0.60000	-27.73283	  0.60000	-100.26968	  0.60000	 82.39466	  0.60000	-33.58786	  0.60000	-23.68270	  0.60000	-12.39437	  0.60000	 38.17253	  0.60000	  7.57599	  0.60000	125.23022	  0.60000	 47.24853	
  0.62000	 -0.86225	  0.62000	 54.90569	  0.62000	-44.12440	  0.62000	-100.49200	  0.62000	 48.39719	  0.62000	-49.73630	  0.62000	  5.68675	  0.62000	-44.87810	  0.62000	-44.66600	  0.62000	 -6.42675	  0.62000	 53.99859	  0.62000	 55.71648	  0.62000	 -2.98123	  0.62000	 59.91757	  0.62000	-27.89956	  0.62000	-100.12830	  0.62000	 82.91653	  0.62000	-33.69426	  0.62000	-23.69111	  0.62000	-10.43067	  0.62000	 40.08741	  0.62000	  8.57858	  0.62000	127.16471	  0.62000	 45.20445	
  0.64000	 -0.86225	  0.64000	 54.90569	  0.64000	-44.12440	  0.64000	-100.49200	  0.64000	 48.39719	  0.64000	-49.73630	  0.64000	  5.68675	  0.64000	-44.87810	  0.64000	-44.66600	  0.64000	 -6.42675	  0.64000	 53.99859	  0.64000	 55.71648	  0.64000	 -2.95750	  0.64000	 59.91526	  0.64000	-28.06553	  0.64000	-100.00256	  0.64000	 83.35736	  0.64000	-33.79327	  0.64000	-23.59996	  0.64000	 -8.43181	  0.64000	 41.95282	  0.64000	  9.54151	  0.64000	129.04668	  0.64000	 43.10065	
  0.66000	 -0.86225	  0.66000	 54.90569	  0.66000	-44.12440	  0.66000	-100.49200	  0.66000	 48.39719	  0.66000	-49.73630	  0.66000	  5.68675	  0.66000	-44.87810	  0.66000	-44.66600	  0.66000	 -6.42675	  0.66000	 53.99859	  0.66000	 55.71648	  0.66000	 -2.92984	  0.66000	 59.91756	  0.66000	-28.22916	  0.66000	-99.88318	  0.66000	 83.75366	  0.66000	-33.88369	  0.66000	-23.42983	  0.66000	 -6.38662	  0.66000	 43.76741	  0.66000	 10.48212	  0.66000	130.87953	  0.66000	 40.94107	
  0.68000	 -0.86225	  0.68000	 54.90569	  0.68000	-44.12440	  0.68000	-100.49200	  0.68000	 48.39719	  0.68000	-49.73630	  0.68000	  5.68675	  0.68000	-44.87810	  0.68000	-44.66600	  0.68000	 -6.42675	  0.68000	 53.99859	  0.68000	 55.71648	  0.68000	 -2.89261	  0.68000	 59.92732	  0.68000	-28.39182	  0.68000	-99.76408	  0.68000	 84.11271	  0.68000	-33.96583	  0.68000	-23.17966	  0.68000	 -4.29339	  0.68000	 45.52799	  0.68000	 11.40548	  0.68000	132.66502	  0.68000	 38.72596	
  0.70000	 -0.86225	  0.70000	 54.90569	  0.70000	-44.12440	  0.70000	-100.49200	  0.70000	 48.39719	  0.70000	-49.73630	  0.70000	  5.68675	  0.70000	-44.87810	  0.70000	-44.66600	  0.70000	 -6.42675	  0.70000	 53.99859	  0.70000	 55.71648	  0.70000	 -2.84829	  0.70000	 59.94100	  0.70000	-28.55408	  0.70000	-99.65418	  0.70000	 84.40897	  0.70000	-34.03313	  0.70000	-22.83455	  0.70000	 -2.16228	  0.70000	 47.23334	  0.70000	 12.29266	  0.70000	134.40245	  0.70000	 36.45552	
  0.72000	 -0.86225	  0.72000	 54.90569	  0.72000	-44.12440	  0.72000	-100.49200	  0.72000	 48.39719	  0.72000	-49.73630	  0.72000	  5.68675	  0.72000	-44.87810	  0.72000	-44.66600	  0.72000	 -6.42675	  0.72000	 53.99859	  0.72000	 55.71648	  0.72000	 -2.80517	  0.72000	 59.97010	  0.72000	-28.71609	  0.72000	-99.56483	  0.72000	 84.64090	  0.72000	-34.10157	  0.72000	-22.41018	  0.72000	  0.01783	  0.72000	 48.88140	  0.72000	 13.10999	  0.72000	136.10869	  0.72000	 34.12997	
  0.74000	 -0.86225	  0.74000	 54.90569	  0.74000	-44.12440	  0.74000	-100.49200	  0.74000	 48.39719	  0.74000	-49.73630	  0.74000	  5.68675	  0.74000	-44.87810	  0.74000	-44.66600	  0.74000	 -6.42675	  0.74000	 53.99859	  0.74000	 55.71648	  0.74000	 -2.76473	  0.74000	 60.01066	  0.74000	-28.87926	  0.74000	-99.49953	  0.74000	 84.79939	  0.74000	-34.16899	  0.74000	-21.90755	  0.74000	  2.24080	  0.74000	 50.46932	  0.74000	 13.84887	  0.74000	137.78064	  0.74000	 31.74931	
  0.76000	 -0.86225	  0.76000	 54.90569	  0.76000	-44.12440	  0.76000	-100.49200	  0.76000	 48.39719	  0.76000	-49.73630	  0.76000	  5.68675	  0.76000	-44.87810	  0.76000	-44.66600	  0.76000	 -6.42675	  0.76000	 53.99859	  0.76000	 55.71648	  0.76000	 -2.72784	  0.76000	 60.07277	  0.76000	-29.04312	  0.76000	-99.46338	  0.76000	 84.87852	  0.76000	-34.23881	  0.76000	-21.32718	  0.76000	  4.51474	  0.76000	 51.99620	  0.76000	 14.48790	  0.76000	139.43263	  0.76000	 29.31471	
  0.78000	 -0.86225	  0.78000	 54.90569	  0.78000	-44.12440	  0.78000	-100.49200	  0.78000	 48.39719	  0.78000	-49.73630	  0.78000	  5.68675	  0.78000	-44.87810	  0.78000	-44.66600	  0.78000	 -6.42675	  0.78000	 53.99859	  0.78000	 55.71648	  0.78000	 -2.69399	  0.78000	 60.15060	  0.78000	-29.20746	  0.78000	-99.45558	  0.78000	 84.87470	  0.78000	-34.30616	  0.78000	-20.67348	  0.78000	  6.83337	  0.78000	 53.46063	  0.78000	 15.02643	  0.78000	141.05794	  0.78000	 26.82817	
  0.80000	 -0.86225	  0.80000	 54.90569	  0.80000	-44.12440	  0.80000	-100.49200	  0.80000	 48.39719	  0.80000	-49.73630	  0.80000	  5.68675	  0.80000	-44.87810	  0.80000	-44.66600	  0.80000	 -6.42675	  0.80000	 53.99859	  0.80000	 55.71648	  0.80000	 -2.66744	  0.80000	 60.24046	  0.80000	-29.37405	  0.80000	-99.47911	  0.80000	 84.78821	  0.80000	-34.37333	  0.80000	-19.96064	  0.80000	  9.19403	  0.80000	 54.85902	  0.80000	 15.45788	  0.80000	142.65208	  0.80000	 24.28971	
  0.82000	 -0.86225	  0.82000	 54.90569	  0.82000	-44.12440	  0.82000	-100.49200	  0.82000	 48.39719	  0.82000	-49.73630	  0.82000	  5.68675	  0.82000	-44.87810	  0.82000	-44.66600	  0.82000	 -6.42675	  0.82000	 53.99859	  0.82000	 55.71648	  0.82000	 -2.65037	  0.82000	 60.35506	  0.82000	-29.54050	  0.82000	-99.53261	  0.82000	 84.64119	  0.82000	-34.44959	  0.82000	-19.21939	  0.82000	 11.58385	  0.82000	 56.17321	  0.82000	 15.77191	  0.82000	144.20946	  0.82000	 21.73390	
  0.84000	 -0.86225	  0.84000	 54.90569	  0.84000	-44.12440	  0.84000	-100.49200	  0.84000	 48.39719	  0.84000	-49.73630	  0.84000	  5.68675	  0.84000	-44.87810	  0.84000	-44.66600	  0.84000	 -6.42675	  0.84000	 53.99859	  0.84000	 55.71648	  0.84000	 -2.63370	  0.84000	 60.46251	  0.84000	-29.69305	  0.84000	-99.59749	  0.84000	 84.44000	  0.84000	-34.50838	  0.84000	-18.50018	  0.84000	 13.77035	  0.84000	 57.30177	  0.84000	 15.97705	  0.84000	145.57965	  0.84000	 19.38561	
  0.86000	 -0.86225	  0.86000	 54.90569	  0.86000	-44.12440	  0.86000	-100.49200	  0.86000	 48.39719	  0.86000	-49.73630	  0.86000	  5.68675	  0.86000	-44.87810	  0.86000	-44.66600	  0.86000	 -6.42675	  0.86000	 53.99859	  0.86000	 55.71648	  0.86000	 -2.61666	  0.86000	 60.57354	  0.86000	-29.82701	  0.86000	-99.66203	  0.86000	 84.23522	  0.86000	-34.56023	  0.86000	-17.84745	  0.86000	 15.72403	  0.86000	 58.24425	  0.86000	 16.09961	  0.86000	146.76318	  0.86000	 17.30103	
  0.88000	 -0.86225	  0.88000	 54.90569	  0.88000	-44.12440	  0.88000	-100.49200	  0.88000	 48.39719	  0.88000	-49.73630	  0.88000	  5.68675	  0.88000	-44.87810	  0.88000	-44.66600	  0.88000	 -6.42675	  0.88000	 53.99859	  0.88000	 55.71648	  0.88000	 -2.59101	  0.88000	 60.67378	  0.88000	-29.94130	  0.88000	-99.71112	  0.88000	 84.04408	  0.88000	-34.58860	  0.88000	-17.25628	  0.88000	 17.41967	  0.88000	 59.01945	  0.88000	 16.18919	  0.88000	147.75372	  0.88000	 15.49427	
  0.90000	 -0.86225	  0.90000	 54.90569	  0.90000	-44.12440	  0.90000	-100.49200	  0.90000	 48.39719	  0.90000	-49.73630	  0.90000	  5.68675	  0.90000	-44.87810	  0.90000	-44.66600	  0.90000	 -6.42675	  0.90000	 53.99859	  0.90000	 55.71648	  0.90000	 -2.56306	  0.90000	 60.75342	  0.90000	-30.03721	  0.90000	-99.75319	  0.90000	 83.84716	  0.90000	-34.60231	  0.90000	-16.73493	  0.90000	 18.83859	  0.90000	 59.64170	  0.90000	 16.23366	  0.90000	148.55908	  0.90000	 13.97250	
  0.92000	 -0.86225	  0.92000	 54.90569	  0.92000	-44.12440	  0.92000	-100.49200	  0.92000	 48.39719	  0.92000	-49.73630	  0.92000	  5.68675	  0.92000	-44.87810	  0.92000	-44.66600	  0.92000	 -6.42675	  0.92000	 53.99859	  0.92000	 55.71648	  0.92000	 -2.53796	  0.92000	 60.82170	  0.92000	-30.11387	  0.92000	-99.78569	  0.92000	 83.68536	  0.92000	-34.61013	  0.92000	-16.31057	  0.92000	 19.98756	  0.92000	 60.12410	  0.92000	 16.25768	  0.92000	149.19496	  0.92000	 12.74514	
  0.94000	 -0.86225	  0.94000	 54.90569	  0.94000	-44.12440	  0.94000	-100.49200	  0.94000	 48.39719	  0.94000	-49.73630	  0.94000	  5.68675	  0.94000	-44.87810	  0.94000	-44.66600	  0.94000	 -6.42675	  0.94000	 53.99859	  0.94000	 55.71648	  0.94000	 -2.51571	  0.94000	 60.87439	  0.94000	-30.17189	  0.94000	-99.80697	  0.94000	 83.56310	  0.94000	-34.61223	  0.94000	-15.98518	  0.94000	 20.85680	  0.94000	 60.47671	  0.94000	 16.27433	  0.94000	149.66527	  0.94000	 11.81760	
  0.96000	 -0.86225	  0.96000	 54.90569	  0.96000	-44.12440	  0.96000	-100.49200	  0.96000	 48.39719	  0.96000	-49.73630	  0.96000	  5.68675	  0.96000	-44.87810	  0.96000	-44.66600	  0.96000	 -6.42675	  0.96000	 53.99859	  0.96000	 55.71648	  0.96000	 -2.49990	  0.96000	 60.90329	  0.96000	-30.21100	  0.96000	-99.82506	  0.96000	 83.45448	  0.96000	-34.60883	  0.96000	-15.75419	  0.96000	 21.43204	  0.96000	 60.70845	  0.96000	 16.26759	  0.96000	149.97331	  0.96000	 11.19329	
  0.98000	 -0.86225	  0.98000	 54.90569	  0.98000	-44.12440	  0.98000	-100.49200	  0.98000	 48.39719	  0.98000	-49.73630	  0.98000	  5.68675	  0.98000	-44.87810	  0.98000	-44.66600	  0.98000	 -6.42675	  0.98000	 53.99859	  0.98000	 55.71648	  0.98000	 -2.48915	  0.98000	 60.91455	  0.98000	-30.23113	  0.98000	-99.83385	  0.98000	 83.38628	  0.98000	-34.60320	  0.98000	-15.62698	  0.98000	 21.71891	  0.98000	 60.82435	  0.98000	 16.25888	  0.98000	150.12627	  0.98000	 10.87586	
  1.00000	 -0.86225	  1.00000	 54.90569	  1.00000	-44.12440	  1.00000	-100.49200	  1.00000	 48.39719	  1.00000	-49.73630	  1.00000	  5.68675	  1.00000	-44.87810	  1.00000	-44.66600	  1.00000	 -6.42675	  1.00000	 53.99859	  1.00000	 55.71648	  1.00000	 -2.48707	  1.00000	 60.91236	  1.00000	-30.23428	  1.00000	-99.83861	  1.00000	 83.35590	  1.00000	-34.59881	  1.00000	-15.59842	  1.00000	 21.75138	  1.00000	 60.83993	  1.00000	 16.24397	  1.00000	150.14639	  1.00000	 10.83202	
  1.02000	 -0.86225	  1.02000	 54.90569	  1.02000	-44.12440	  1.02000	-100.49200	  1.02000	 48.39719	  1.02000	-49.73630	  1.02000	  5.68675	  1.02000	-44.87810	  1.02000	-44.66600	  1.02000	 -6.42675	  1.02000	 53.99859	  1.02000	 55.71648	  1.02000	 -2.48723	  1.02000	 60.91214	  1.02000	-30.23430	  1.02000	-99.83894	  1.02000	 83.35497	  1.02000	-34.59877	  1.02000	-15.59824	  1.02000	 21.75108	  1.02000	 60.83992	  1.02000	 16.24318	  1.02000	150.14630	  1.02000	 10.83196	
  1.04000	 -0.86225	  1.04000	 54.90569	  1.04000	-44.12440	  1.04000	-100.49200	  1.04000	 48.39719	  1.04000	-49.73630	  1.04000	  5.68675	  1.04000	-44.87810	  1.04000	-44.66600	  1.04000	 -6.42675	  1.04000	 53.99859	  1.04000	 55.71648	  1.04000	 -2.48716	  1.04000	 60.91215	  1.04000	-30.23430	  1.04000	-99.83884	  1.04000	 83.35511	  1.04000	-34.59874	  1.04000	-15.59820	  1.04000	 21.75110	  1.04000	 60.83993	  1.04000	 16.24338	  1.04000	150.14629	  1.04000	 10.83197	
  1.06000	 -0.86225	  1.06000	 54.90569	  1.06000	-44.12440	  1.06000	-100.49200	  1.06000	 48.39719	  1.06000	-49.73630	  1.06000	  5.68675	  1.06000	-44.87810	  1.06000	-44.66600	  1.06000	 -6.42675	  1.06000	 53.99859	  1.06000	 55.71648	  1.06000	 -2.48712	  1.06000	 60.91219	  1.06000	-30.23429	  1.06000	-99.83877	  1.06000	 83.35523	  1.06000	-34.59874	  1.06000	-15.59820	  1.06000	 21.75115	  1.06000	 60.83993	  1.06000	 16.24350	  1.06000	150.14632	  1.06000	 10.83198	
  1.08000	 -0.86225	  1.08000	 54.90569	  1.08000	-44.12440	  1.08000	-100.49200	  1.08000	 48.39719	  1.08000	-49.73630	  1.08000	  5.68675	  1.08000	-44.87810	  1.08000	-44.66600	  1.08000	 -6.42675	  1.08000	 53.99859	  1.08000	 55.71648	  1.08000	 -2.48719	  1.08000	 60.91215	  1.08000	-30.23430	  1.08000	-99.83887	  1.08000	 83.35509	  1.08000	-34.59874	  1.08000	-15.59821	  1.08000	 21.75109	  1.08000	 60.83992	  1.08000	 16.24334	  1.08000	150.14629	  1.08000	 10.83197	
  1.10000	 -0.86225	  1.10000	 54.90569	  1.10000	-44.12440	  1.10000	-100.49200	  1.10000	 48.39719	  1.10000	-49.73630	  1.10000	  5.68675	  1.10000	-44.87810	  1.10000	-44.66600	  1.10000	 -6.42675	  1.10000	 53.99859	  1.10000	 55.71648	  1.10000	 -2.48713	  1.10000	 60.91214	  1.10000	-30.23429	  1.10000	-99.83881	  1.10000	 83.35508	  1.10000	-34.59875	  1.10000	-15.59818	  1.10000	 21.75109	  1.10000	 60.83994	  1.10000	 16.24339	  1.10000	150.14629	  1.10000	 10.83198	
  1.12000	 -0.86225	  1.12000	 54.90569	  1.12000	-44.12440	  1.12000	-100.49200	  1.12000	 48.39719	  1.12000	-49.73630	  1.12000	  5.68675	  1.12000	-44.87810	  1.12000	-44.66600	  1.12000	 -6.42675	  1.12000	 53.99859	  1.12000	 55.71648	  1.12000	 -2.48722	  1.12000	 60.91211	  1.12000	-30.23430	  1.12000	-99.83892	  1.12000	 83.35497	  1.12000	-34.59876	  1.12000	-15.59823	  1.12000	 21.75105	  1.12000	 60.83992	  1.12000	 16.24322	  1.12000	150.14627	  1.12000	 10.83196	
  1.14000	 -0.86225	  1.14000	 54.90569	  1.14000	-44.12440	  1.14000	-100.49200	  1.14000	 48.39719	  1.14000	-49.73630	  1.14000	  5.68675	  1.14000	-44.87810	  1.14000	-44.66600	  1.14000	 -6.42675	  1.14000	 53.99859	  1.14000	 55.71648	  1.14000	 -2.48720	  1.14000	 60.91213	  1.14000	-30.23430	  1.14000	-99.83888	  1.14000	 83.35506	  1.14000	-34.59874	  1.14000	-15.59821	  1.14000	 21.75107	  1.14000	 60.83992	  1.14000	 16.24331	  1.14000	150.14627	  1.14000	 10.83197	
  1.16000	 -0.86225	  1.16000	 54.90569	  1.16000	-44.12440	  1.16000	-100.49200	  1.16000	 48.39719	  1.16000	-49.73630	  1.16000	  5.68675	  1.16000	-44.87810	  1.16000	-44.66600	  1.16000	 -6.42675	  1.16000	 53.99859	  1.16000	 55.71648	  1.16000	 -2.48726	  1.16000	 60.91210	  1.16000	-30.23430	  1.16000	-99.83897	  1.16000	 83.35487	  1.16000	-34.59879	  1.16000	-15.59825	  1.16000	 21.75104	  1.16000	 60.83992	  1.16000	 16.24310	  1.16000	150.14629	  1.16000	 10.83196	
  1.18000	 -0.86225	  1.18000	 54.90569	  1.18000	-44.12440	  1.18000	-100.49200	  1.18000	 48.39719	  1.18000	-49.73630	  1.18000	  5.68675	  1.18000	-44.87810	  1.18000	-44.66600	  1.18000	 -6.42675	  1.18000	 53.99859	  1.18000	 55.71648	  1.18000	 -2.48719	  1.18000	 60.91212	  1.18000	-30.23430	  1.18000	-99.83887	  1.18000	 83.35505	  1.18000	-34.59873	  1.18000	-15.59820	  1.18000	 21.75106	  1.18000	 60.83992	  1.18000	 16.24333	  1.18000	150.14627	  1.18000	 10.83197	
  1.20000	 -0.86225	  1.20000	 54.90569	  1.20000	-44.12440	  1.20000	-100.49200	  1.20000	 48.39719	  1.20000	-49.73630	  1.20000	  5.68675	  1.20000	-44.87810	  1.20000	-44.66600	  1.20000	 -6.42675	  1.20000	 53.99859	  1.20000	 55.71648	  1.20000	 -2.48713	  1.20000	 60.91214	  1.20000	-30.23429	  1.20000	-99.83881	  1.20000	 83.35511	  1.20000	-34.59874	  1.20000	-15.59818	  1.20000	 21.75109	  1.20000	 60.83994	  1.20000	 16.24341	  1.20000	150.14629	  1.20000	 10.83198	
  1.22000	 -0.86225	  1.22000	 54.90569	  1.22000	-44.12440	  1.22000	-100.49200	  1.22000	 48.39719	  1.22000	-49.73630	  1.22000	  5.68675	  1.22000	-44.87810	  1.22000	-44.66600	  1.22000	 -6.42675	  1.22000	 53.99859	  1.22000	 55.71648	  1.22000	 -2.48716	  1.22000	 60.91213	  1.22000	-30.23429	  1.22000	-99.83885	  1.22000	 83.35504	  1.22000	-34.59877	  1.22000	-15.59821	  1.22000	 21.75108	  1.22000	 60.83993	  1.22000	 16.24332	  1.22000	150.14629	  1.22000	 10.83198	
  1.24000	 -0.86225	  1.24000	 54.90569	  1.24000	-44.12440	  1.24000	-100.49200	  1.24000	 48.39719	  1.24000	-49.73630	  1.24000	  5.68675	  1.24000	-44.87810	  1.24000	-44.66600	  1.24000	 -6.42675	  1.24000	 53.99859	  1.24000	 55.71648	  1.24000	 -2.48711	  1.24000	 60.91216	  1.24000	-30.23430	  1.24000	-99.83877	  1.24000	 83.35524	  1.24000	-34.59868	  1.24000	-15.59815	  1.24000	 21.75111	  1.24000	 60.83993	  1.24000	 16.24356	  1.24000	150.14627	  1.24000	 10.83198	
  1.26000	 -0.86225	  1.26000	 54.90569	  1.26000	-44.12440	  1.26000	-100.49200	  1.26000	 48.39719	  1.26000	-49.73630	  1.26000	  5.68675	  1.26000	-44.87810	  1.26000	-44.66600	  1.26000	 -6.42675	  1.26000	 53.99859	  1.26000	 55.71648	  1.26000	 -2.48714	  1.26000	 60.91214	  1.26000	-30.23430	  1.26000	-99.83882	  1.26000	 83.35509	  1.26000	-34.59872	  1.26000	-15.59816	  1.26000	 21.75108	  1.26000	 60.83993	  1.26000	 16.24341	  1.26000	150.14627	  1.26000	 10.83197	
  1.28000	 -0.86225	  1.28000	 54.90569	  1.28000	-44.12440	  1.28000	-100.49200	  1.28000	 48.39719	  1.28000	-49.73630	  1.28000	  5.68675	  1.28000	-44.87810	  1.28000	-44.66600	  1.28000	 -6.42675	  1.28000	 53.99859	  1.28000	 55.71648	  1.28000	 -2.48727	  1.28000	 60.91208	  1.28000	-30.23430	  1.28000	-99.83900	  1.28000	 83.35481	  1.28000	-34.59880	  1.28000	-15.59826	  1.28000	 21.75102	  1.28000	 60.83992	  1.28000	 16.24304	  1.28000	150.14627	  1.28000	 10.83195	
  1.30000	 -0.86225	  1.30000	 54.90569	  1.30000	-44.12440	  1.30000	-100.49200	  1.30000	 48.39719	  1.30000	-49.73630	  1.30000	  5.68675	  1.30000	-44.87810	  1.30000	-44.66600	  1.30000	 -6.42675	  1.30000	 53.99859	  1.30000	 55.71648	  1.30000	 -2.48715	  1.30000	 60.91215	  1.30000	-30.23430	  1.30000	-99.83881	  1.30000	 83.35516	  1.30000	-34.59871	  1.30000	-15.59818	  1.30000	 21.75110	  1.30000	 60.83993	  1.30000	 16.24345	  1.30000	150.14627	  1.30000	 10.83198	
  1.32000	 -0.86225	  1.32000	 54.90569	  1.32000	-44.12440	  1.32000	-100.49200	  1.32000	 48.39719	  1.32000	-49.73630	  1.32000	  5.68675	  1.32000	-44.87810	  1.32000	-44.66600	  1.32000	 -6.42675	  1.32000	 53.99859	  1.32000	 55.71648	  1.32000	 -2.48723	  1.32000	 60.91212	  1.32000	-30.23430	  1.32000	-99.83894	  1.32000	 83.35496	  1.32000	-34.59876	  1.32000	-15.59824	  1.32000	 21.75106	  1.32000	 60.83992	  1.32000	 16.24319	  1.32000	150.14629	  1.32000	 10.83196	
  1.34000	 -0.86225	  1.34000	 54.90569	  1.34000	-44.12440	  1.34000	-100.49200	  1.34000	 48.39719	  1.34000	-49.73630	  1.34000	  5.68675	  1.34000	-44.87810	  1.34000	-44.66600	  1.34000	 -6.42675	  1.34000	 53.99859	  1.34000	 55.71648	  1.34000	 -2.48719	  1.34000	 60.91212	  1.34000	-30.23429	  1.34000	-99.83889	  1.34000	 83.35494	  1.34000	-34.59880	  1.34000	-15.59823	  1.34000	 21.75106	  1.34000	 60.83993	  1.34000	 16.24321	  1.34000	150.14629	  1.34000	 10.83197	
  1.36000	 -0.86225	  1.36000	 54.90569	  1.36000	-44.12440	  1.36000	-100.49200	  1.36000	 48.39719	  1.36000	-49.73630	  1.36000	  5.68675	  1.36000	-44.87810	  1.36000	-44.66600	  1.36000	 -6.42675	  1.36000	 53.99859	  1.36000	 55.71648	  1.36000	 -2.48720	  1.36000	 60.91210	  1.36000	-30.23430	  1.36000	-99.83891	  1.36000	 83.35493	  1.36000	-34.59876	  1.36000	-15.59820	  1.36000	 21.75104	  1.36000	 60.83993	  1.36000	 16.24322	  1.36000	150.14627	  1.36000	 10.83197	
  1.38000	 -0.86225	  1.38000	 54.90569	  1.38000	-44.12440	  1.38000	-100.49200	  1.38000	 48.39719	  1.38000	-49.73630	  1.38000	  5.68675	  1.38000	-44.87810	  1.38000	-44.66600	  1.38000	 -6.42675	  1.38000	 53.99859	  1.38000	 55.71648	  1.38000	 -2.48715	  1.38000	 60.91214	  1.38000	-30.23429	  1.38000	-99.83883	  1.38000	 83.35509	  1.38000	-34.59876	  1.38000	-15.59820	  1.38000	 21.75109	  1.38000	 60.83994	  1.38000	 16.24337	  1.38000	150.14629	  1.38000	 10.83198	
  1.40000	 -0.86225	  1.40000	 54.90569	  1.40000	-44.12440	  1.40000	-100.49200	  1.40000	 48.39719	  1.40000	-49.73630	  1.40000	  5.68675	  1.40000	-44.87810	  1.40000	-44.66600	  1.40000	 -6.42675	  1.40000	 53.99859	  1.40000	 55.71648	  1.40000	 -2.48724	  1.40000	 60.91209	  1.40000	-30.23430	  1.40000	-99.83895	  1.40000	 83.35490	  1.40000	-34.59876	  1.40000	-15.59822	  1.40000	 21.75103	  1.40000	 60.83992	  1.40000	 16.24316	  1.40000	150.14627	  1.40000	 10.83196	
  1.42000	 -0.86225	  1.42000	 54.90569	  1.42000	-44.12440	  1.42000	-100.49200	  1.42000	 48.39719	  1.42000	-49.73630	  1.42000	  5.68675	  1.42000	-44.87810	  1.42000	-44.66600	  1.42000	 -6.42675	  1.42000	 53.99859	  1.42000	 55.71648	  1.42000	 -2.48712	  1.42000	 60.91216	  1.42000	-30.23430	  1.42000	-99.83878	  1.42000	 83.35522	  1.42000	-34.59869	  1.42000	-15.59816	  1.42000	 21.75110	  1.42000	 60.83993	  1.42000	 16.24353	  1.42000	150.14627	  1.42000	 10.83198	
  1.44000	 -0.86225	  1.44000	 54.90569	  1.44000	-44.12440	  1.44000	-100.49200	  1.44000	 48.39719	  1.44000	-49.73630	  1.44000	  5.68675	  1.44000	-44.87810	  1.44000	-44.66600	  1.44000	 -6.42675	  1.44000	 53.99859	  1.44000	 55.71648	  1.44000	 -2.48719	  1.44000	 60.91211	  1.44000	-30.23429	  1.44000	-99.83889	  1.44000	 83.35495	  1.44000	-34.59879	  1.44000	-15.59822	  1.44000	 21.75106	  1.44000	 60.83993	  1.44000	 16.24322	  1.44000	150.14629	  1.44000	 10.83197	
  1.46000	 -0.86225	  1.46000	 54.90569	  1.46000	-44.12440	  1.46000	-100.49200	  1.46000	 48.39719	  1.46000	-49.73630	  1.46000	  5.68675	  1.46000	-44.87810	  1.46000	-44.66600	  1.46000	 -6.42675	  1.46000	 53.99859	  1.46000	 55.71648	  1.46000	 -2.48722	  1.46000	 60.91211	  1.46000	-30.23430	  1.46000	-99.83892	  1.46000	 83.35495	  1.46000	-34.59875	  1.46000	-15.59821	  1.46000	 21.75105	  1.46000	 60.83992	  1.46000	 16.24321	  1.46000	150.14627	  1.46000	 10.83196	
  1.48000	 -0.86225	  1.48000	 54.90569	  1.48000	-44.12440	  1.48000	-100.49200	  1.48000	 48.39719	  1.48000	-49.73630	  1.48000	  5.68675	  1.48000	-44.87810	  1.48000	-44.66600	  1.48000	 -6.42675	  1.48000	 53.99859	  1.48000	 55.71648	  1.48000	 -2.48725	  1.48000	 60.91211	  1.48000	-30.23430	  1.48000	-99.83895	  1.48000	 83.35492	  1.48000	-34.59877	  1.48000	-15.59825	  1.48000	 21.75105	  1.48000	 60.83992	  1.48000	 16.24316	  1.48000	150.14627	  1.48000	 10.83196	
  1.50000	 -0.86225	  1.50000	 54.90569	  1.50000	-44.12440	  1.50000	-100.49200	  1.50000	 48.39719	  1.50000	-49.73630	  1.50000	  5.68675	  1.50000	-44.87810	  1.50000	-44.66600	  1.50000	 -6.42675	  1.50000	 53.99859	  1.50000	 55.71648	  1.50000	 -2.48728	  1.50000	 60.91207	  1.50000	-30.23430	  1.50000	-99.83901	  1.50000	 83.35477	  1.50000	-34.59880	  1.50000	-15.59826	  1.50000	 21.75100	  1.50000	 60.83992	  1.50000	 16.24302	  1.50000	150.14627	  1.50000	 10.83195	
