0.99521,115.53,0.98826,115.84,1.066,68.722,0.95636,92.474,0.80121,0.91324,0.84782,101.93,0.94264,153.14,0.96092,65.293,1.2205,60.601,1.2492,74.33,0.91778,77.579,0.94086,85.31,1.1363,31.292,0.43997,0.086985,0.25165,0.11793,0.13269,0.17416,0.14944,0.2603,0.081656,0.34564,0.078987,0.29636,0,0,0,256.92
1.0725,115.53,0.98826,115.84,1.066,68.722,0.95636,92.474,0.80121,0.91324,0.84782,101.93,0.94264,153.14,0.96092,65.293,1.2205,60.601,1.2492,74.33,0.91778,77.579,0.94086,85.31,1.1363,31.292,0.419,0.060754,0.25129,0.13183,0.10188,0.22366,0.11542,0.34681,0.068455,0.33236,0.066294,0.29297,0,0,0,248.31
0.99521,129.82,0.98826,115.84,1.066,68.722,0.95636,92.474,0.80121,0.91324,0.84782,101.93,0.94264,153.14,0.96092,65.293,1.2205,60.601,1.2492,74.33,0.91778,77.579,0.94086,85.31,1.1363,31.292,0.44032,0.085245,0.25173,0.11787,0.13091,0.17303,0.14851,0.264,0.08096,0.34676,0.07885,0.29639,0,0,0,256.65
0.99521,115.53,1.0345,115.84,1.066,68.722,0.95636,92.474,0.80121,0.91324,0.84782,101.93,0.94264,153.14,0.96092,65.293,1.2205,60.601,1.2492,74.33,0.91778,77.579,0.94086,85.31,1.1363,31.292,0.43997,0.086985,0.24821,0.11794,0.13269,0.17418,0.14944,0.2603,0.081653,0.34565,0.078987,0.29636,0,0,0,256.23
0.99521,115.53,0.98826,130.36,1.066,68.722,0.95636,92.474,0.80121,0.91324,0.84782,101.93,0.94264,153.14,0.96092,65.293,1.2205,60.601,1.2492,74.33,0.91778,77.579,0.94086,85.31,1.1363,31.292,0.43997,0.086985,0.25163,0.11793,0.13269,0.17416,0.14944,0.2603,0.081656,0.34564,0.078987,0.29636,0,0,0,256.91
0.99521,115.53,0.98826,115.84,1.1068,68.722,0.95636,92.474,0.80121,0.91324,0.84782,101.93,0.94264,153.14,0.96092,65.293,1.2205,60.601,1.2492,74.33,0.91778,77.579,0.94086,85.31,1.1363,31.292,0.40748,0.088432,0.17972,0.1103,0.13624,0.14193,0.15074,0.24995,0.087188,0.32955,0.084651,0.25202,0,0,0,231.87
0.99521,115.53,0.98826,115.84,1.066,80.737,0.95636,92.474,0.80121,0.91324,0.84782,101.93,0.94264,153.14,0.96092,65.293,1.2205,60.601,1.2492,74.33,0.91778,77.579,0.94086,85.31,1.1363,31.292,0.43552,0.086726,0.23924,0.11717,0.13313,0.17076,0.14951,0.25983,0.082377,0.34394,0.07905,0.29396,0,0,0,253.17
0.99521,115.53,0.98826,115.84,1.066,68.722,1.0006,92.474,0.80121,0.91324,0.84782,101.93,0.94264,153.14,0.96092,65.293,1.2205,60.601,1.2492,74.33,0.91778,77.579,0.94086,85.31,1.1363,31.292,0.43997,0.086987,0.25165,0.11793,0.13269,0.17418,0.14944,0.2603,0.081652,0.34565,0.078987,0.29636,0,0,0,256.92
0.99521,115.53,0.98826,115.84,1.066,68.722,0.95636,110.66,0.80121,0.91324,0.84782,101.93,0.94264,153.14,0.96092,65.293,1.2205,60.601,1.2492,74.33,0.91778,77.579,0.94086,85.31,1.1363,31.292,0.43997,0.086985,0.25165,0.11793,0.13269,0.17416,0.14944,0.2603,0.081656,0.34564,0.078987,0.29636,0,0,0,256.92
0.99521,115.53,0.98826,115.84,1.066,68.722,0.95636,92.474,0.84756,0.91324,0.84782,101.93,0.94264,153.14,0.96092,65.293,1.2205,60.601,1.2492,74.33,0.91778,77.579,0.94086,85.31,1.1363,31.292,0.43997,0.086985,0.25165,0.11793,0.13269,0.17416,0.14944,0.2603,0.081656,0.34564,0.078987,0.29636,0,0,0,256.92
0.99521,115.53,0.98826,115.84,1.066,68.722,0.95636,92.474,0.80121,0.93589,0.84782,101.93,0.94264,153.14,0.96092,65.293,1.2205,60.601,1.2492,74.33,0.91778,77.579,0.94086,85.31,1.1363,31.292,0.43997,0.086985,0.25165,0.11793,0.13269,0.17416,0.14944,0.2603,0.081656,0.34564,0.078987,0.29636,0,0,0,256.92
0.99521,115.53,0.98826,115.84,1.066,68.722,0.95636,92.474,0.80121,0.91324,0.87872,101.93,0.94264,153.14,0.96092,65.293,1.2205,60.601,1.2492,74.33,0.91778,77.579,0.94086,85.31,1.1363,31.292,0.43997,0.086985,0.25165,0.11793,0.13269,0.17416,0.14944,0.2603,0.081656,0.34564,0.078987,0.29636,0,0,0,256.92
0.99521,115.53,0.98826,115.84,1.066,68.722,0.95636,92.474,0.80121,0.91324,0.84782,123.42,0.94264,153.14,0.96092,65.293,1.2205,60.601,1.2492,74.33,0.91778,77.579,0.94086,85.31,1.1363,31.292,0.43997,0.086985,0.25165,0.11793,0.13269,0.17416,0.14944,0.2603,0.081656,0.34564,0.078987,0.29636,0,0,0,256.92
0.99521,115.53,0.98826,115.84,1.066,68.722,0.95636,92.474,0.80121,0.91324,0.84782,101.93,0.94999,153.14,0.96092,65.293,1.2205,60.601,1.2492,74.33,0.91778,77.579,0.94086,85.31,1.1363,31.292,0.43794,0.090867,0.2503,0.11613,0.13269,0.17416,0.14944,0.2603,0.085059,0.33759,0.079549,0.29437,0,0,0,256.34
0.99521,115.53,0.98826,115.84,1.066,68.722,0.95636,92.474,0.80121,0.91324,0.84782,101.93,0.94264,169.33,0.96092,65.293,1.2205,60.601,1.2492,74.33,0.91778,77.579,0.94086,85.31,1.1363,31.292,0.43936,0.088192,0.25145,0.11767,0.13269,0.17416,0.14944,0.2603,0.083149,0.34213,0.078798,0.29542,0,0,0,256.76
0.99521,115.53,0.98826,115.84,1.066,68.722,0.95636,92.474,0.80121,0.91324,0.84782,101.93,0.94264,153.14,1.0372,65.293,1.2205,60.601,1.2492,74.33,0.91778,77.579,0.94086,85.31,1.1363,31.292,0.44304,0.085416,0.25171,0.11792,0.11174,0.26728,0.13528,0.19199,0.073974,0.36102,0.078975,0.2964,0,0,0,255.11
0.99521,115.53,0.98826,115.84,1.066,68.722,0.95636,92.474,0.80121,0.91324,0.84782,101.93,0.94264,153.14,0.96092,75.291,1.2205,60.601,1.2492,74.33,0.91778,77.579,0.94086,85.31,1.1363,31.292,0.43997,0.086985,0.25165,0.11793,0.132,0.17604,0.14878,0.25719,0.081656,0.34564,0.078987,0.29636,0,0,0,256.72
0.99521,115.53,0.98826,115.84,1.066,68.722,0.95636,92.474,0.80121,0.91324,0.84782,101.93,0.94264,153.14,0.96092,65.293,1.2481,60.601,1.2492,74.33,0.91778,77.579,0.94086,85.31,1.1363,31.292,0.44299,0.08544,0.25223,0.11871,0.13167,0.18169,0.14861,0.26336,0.079986,0.34949,0.079009,0.29716,0,0,0,257.97
0.99521,115.53,0.98826,115.84,1.066,68.722,0.95636,92.474,0.80121,0.91324,0.84782,101.93,0.94264,153.14,0.96092,65.293,1.2205,66.892,1.2492,74.33,0.91778,77.579,0.94086,85.31,1.1363,31.292,0.43967,0.087129,0.25163,0.11804,0.13279,0.17335,0.14904,0.26042,0.08182,0.34523,0.078347,0.29748,0,0,0,256.8
0.99521,115.53,0.98826,115.84,1.066,68.722,0.95636,92.474,0.80121,0.91324,0.84782,101.93,0.94264,153.14,0.96092,65.293,1.2205,60.601,1.2382,74.33,0.91778,77.579,0.94086,85.31,1.1363,31.292,0.43834,0.087794,0.25161,0.11797,0.13324,0.16986,0.14945,0.26026,0.082546,0.34349,0.078799,0.29769,0,0,0,256.53
0.99521,115.53,0.98826,115.84,1.066,68.722,0.95636,92.474,0.80121,0.91324,0.84782,101.93,0.94264,153.14,0.96092,65.293,1.2205,60.601,1.2492,82.053,0.91778,77.579,0.94086,85.31,1.1363,31.292,0.44046,0.08672,0.25166,0.11793,0.13259,0.17491,0.14943,0.26031,0.081501,0.34602,0.078993,0.29785,0,0,0,257.1
0.99521,115.53,0.98826,115.84,1.066,68.722,0.95636,92.474,0.80121,0.91324,0.84782,101.93,0.94264,153.14,0.96092,65.293,1.2205,60.601,1.2492,74.33,0.95639,77.579,0.94086,85.31,1.1363,31.292,0.43997,0.086985,0.25165,0.11793,0.13269,0.17416,0.14944,0.2603,0.081656,0.34564,0.078987,0.29636,0,0,0,256.92
0.99521,115.53,0.98826,115.84,1.066,68.722,0.95636,92.474,0.80121,0.91324,0.84782,101.93,0.94264,153.14,0.96092,65.293,1.2205,60.601,1.2492,74.33,0.91778,87.552,0.94086,85.31,1.1363,31.292,0.43997,0.086985,0.25165,0.11793,0.13269,0.17416,0.14944,0.2603,0.081656,0.34564,0.078987,0.29636,0,0,0,256.92
0.99521,115.53,0.98826,115.84,1.066,68.722,0.95636,92.474,0.80121,0.91324,0.84782,101.93,0.94264,153.14,0.96092,65.293,1.2205,60.601,1.2492,74.33,0.91778,77.579,0.98333,85.31,1.1363,31.292,0.43997,0.086985,0.25165,0.11793,0.13269,0.17416,0.14944,0.2603,0.081656,0.34564,0.078987,0.29636,0,0,0,256.92
0.99521,115.53,0.98826,115.84,1.066,68.722,0.95636,92.474,0.80121,0.91324,0.84782,101.93,0.94264,153.14,0.96092,65.293,1.2205,60.601,1.2492,74.33,0.91778,77.579,0.94086,93.756,1.1363,31.292,0.43997,0.086985,0.25165,0.11793,0.13269,0.17416,0.14944,0.2603,0.081656,0.34564,0.078987,0.29636,0,0,0,256.92
0.99521,115.53,0.98826,115.84,1.066,68.722,0.95636,92.474,0.80121,0.91324,0.84782,101.93,0.94264,153.14,0.96092,65.293,1.2205,60.601,1.2492,74.33,0.91778,77.579,0.94086,85.31,1.1988,31.292,0.44138,0.08962,0.24622,0.0998,0.13427,0.17792,0.15196,0.25908,0.094577,0.37196,0.096101,0.30118,0,0,0,259.66
0.99521,115.53,0.98826,115.84,1.066,68.722,0.95636,92.474,0.80121,0.91324,0.84782,101.93,0.94264,153.14,0.96092,65.293,1.2205,60.601,1.2492,74.33,0.91778,77.579,0.94086,85.31,1.1363,42.176,0.44013,0.087168,0.2515,0.11542,0.1328,0.17466,0.14959,0.26028,0.087219,0.3585,0.083912,0.3016,0,0,0,258.69
1.0012,116.8,0.99183,117.04,1.0695,69.57,0.95968,93.782,0.80484,0.91529,0.85023,103.58,0.94368,154.6,0.96675,66.085,1.2237,61.05,1.2497,74.931,0.92055,78.41,0.94399,86.059,1.0579,32.085,0.43631,0.0809,0.24649,0.13366,0.12676,0.17119,0.14461,0.26265,0.058818,0.30514,0.083202,0.27849,0,0,0,250.23
1.0017,116.9,0.99211,117.13,1.0697,69.636,0.95993,93.884,0.80512,0.91545,0.85041,103.71,0.94376,154.71,0.9672,66.146,1.224,61.085,1.2497,74.978,0.92077,78.474,0.94423,86.117,1.1307,22.017,0.4383,0.082107,0.24555,0.12131,0.12736,0.17708,0.14528,0.26309,0.069866,0.32627,0.081246,0.28383,0,0,0,252
1.0022,117,0.9924,117.23,1.07,69.707,0.96021,93.993,0.80542,0.91562,0.85061,103.85,0.94384,154.83,0.96768,66.212,1.1642,61.122,1.2497,75.028,0.921,78.542,0.94449,86.178,1.1303,30.573,0.4338,0.084372,0.24451,0.11733,0.1287,0.16603,0.14527,0.26187,0.080444,0.33734,0.077639,0.29123,0,0,0,251.86
1.0027,117.12,0.99272,117.34,1.0703,69.784,0.96051,94.111,0.80574,0.9158,0.85083,103.99,0.94393,154.96,0.9682,66.282,1.2177,61.163,1.2498,66.813,0.92125,78.616,0.94478,86.244,1.1298,30.518,0.43756,0.081912,0.24432,0.11843,0.12689,0.17636,0.14489,0.26307,0.07793,0.34225,0.077824,0.29024,0,0,0,252.76
1.0033,117.24,0.99307,117.45,1.0707,69.867,0.91696,94.238,0.80609,0.91599,0.85106,104.15,0.94403,155.09,0.96876,66.358,1.2175,61.207,1.2498,73.89,0.92152,78.695,0.94508,86.315,1.1293,30.459,0.43783,0.080905,0.24378,0.11847,0.12622,0.17798,0.14452,0.26329,0.077289,0.34272,0.077301,0.29033,0,0,0,252.51
1.0039,117.37,0.99344,117.57,1.071,69.956,0.95429,94.375,0.80647,0.9162,0.85131,104.32,0.94413,155.24,0.96937,66.44,1.2172,61.254,1.2498,73.856,0.92181,78.78,0.94541,74.87,1.1288,30.395,0.438,0.080609,0.24315,0.1185,0.12566,0.17873,0.14413,0.26354,0.076838,0.34269,0.077547,0.28891,0,0,0,252.25
1.0046,117.51,0.99383,117.71,1.0714,70.052,0.95413,94.523,0.80687,0.91642,0.85158,104.51,0.94423,155.4,0.97002,66.528,1.217,61.304,1.2499,73.82,0.92212,78.872,0.90492,84.917,1.1282,30.327,0.43798,0.080029,0.24249,0.11858,0.12507,0.17936,0.1437,0.26383,0.07638,0.34264,0.077419,0.28834,0,0,0,251.92
1.0053,117.65,0.99426,117.85,1.0718,70.156,0.95396,94.682,0.8073,0.91666,0.85187,104.71,0.94435,155.57,0.97072,66.623,1.2167,61.359,1.2499,73.781,0.92246,66.836,0.93963,84.886,1.1276,30.253,0.43805,0.079339,0.2418,0.11863,0.12439,0.18005,0.14323,0.26413,0.075657,0.34194,0.077266,0.28771,0,0,0,251.51
1.0061,117.81,0.99473,118,1.0722,70.267,0.95377,94.854,0.80777,0.91692,0.85218,104.92,0.94447,155.75,0.97148,66.725,1.2164,61.418,1.2499,73.738,0.88755,77.355,0.93953,84.854,1.1269,30.174,0.43822,0.078553,0.24103,0.11865,0.12362,0.18124,0.14271,0.26443,0.075178,0.34278,0.076764,0.28781,0,0,0,251.21
1.0069,117.99,0.99522,118.17,1.0727,70.388,0.95357,95.039,0.80828,0.9172,0.85251,82.649,0.9446,155.95,0.97229,66.835,1.216,61.482,1.2499,73.693,0.91743,77.338,0.93943,84.818,1.1261,30.089,0.43841,0.077647,0.24022,0.11871,0.12274,0.18272,0.14214,0.26481,0.07437,0.34304,0.07681,0.28628,0,0,0,250.81
1.0078,118.17,0.99576,118.34,1.0732,70.519,0.95336,95.239,0.80882,0.91749,0.81964,101.97,0.94474,156.16,0.97317,66.953,1.2157,61.551,1.25,73.644,0.9174,77.319,0.93932,84.78,1.1254,29.997,0.4387,0.076623,0.23935,0.11876,0.12183,0.18412,0.14154,0.26521,0.073561,0.34322,0.076652,0.28568,0,0,0,250.42
1.0088,118.37,0.99634,118.53,1.0738,70.659,0.95313,95.455,0.80941,0.88616,0.84826,101.97,0.94489,156.39,0.97412,67.08,1.2153,61.625,1.25,73.591,0.91737,77.299,0.9392,84.739,1.1245,29.899,0.43913,0.075446,0.23843,0.1189,0.12073,0.18633,0.1409,0.26559,0.072404,0.34334,0.076339,0.28617,0,0,0,250.06
1.0099,118.58,0.99696,118.74,1.0744,70.811,0.95288,95.688,0.75973,0.91398,0.84829,101.97,0.94504,156.63,0.97513,67.217,1.2149,61.705,1.25,73.534,0.91734,77.278,0.93907,84.695,1.1236,29.793,0.43979,0.074054,0.23743,0.119,0.11948,0.18877,0.14019,0.26606,0.071253,0.34453,0.076004,0.28545,0,0,0,249.68
1.011,118.81,0.99763,118.96,1.075,70.975,0.95262,79.01,0.80318,0.91403,0.84833,101.97,0.94521,156.89,0.97623,67.365,1.2144,61.792,1.25,73.473,0.9173,77.254,0.93894,84.647,1.1226,29.679,0.44057,0.072447,0.23636,0.11909,0.11813,0.19148,0.13943,0.26655,0.069893,0.34535,0.075442,0.28455,0,0,0,249.23
1.0122,119.06,0.99835,119.2,1.0757,71.153,0.95233,93.447,0.80333,0.91409,0.84837,101.98,0.94538,157.17,0.97741,67.523,1.214,61.885,1.25,73.407,0.91727,77.229,0.93879,84.596,1.1215,29.557,0.44097,0.071038,0.23524,0.11927,0.11693,0.19321,0.1386,0.26713,0.068842,0.34555,0.075348,0.28333,0,0,0,248.7
1.0135,119.32,0.99913,102.19,1.0764,71.344,0.95202,93.523,0.8035,0.91416,0.84841,101.98,0.94557,157.47,0.97869,67.694,1.2134,61.986,1.25,73.336,0.91723,77.202,0.93863,84.541,1.1203,29.425,0.44048,0.070392,0.23404,0.11947,0.11606,0.19333,0.13769,0.26776,0.068453,0.34486,0.075588,0.28125,0,0,0,248.03
1.0149,119.6,0.99996,117.27,1.0772,71.551,0.95169,93.604,0.80367,0.91423,0.84846,101.98,0.94577,157.79,0.98006,67.877,1.2128,56.256,1.25,73.26,0.91719,77.173,0.93846,84.481,1.1191,29.284,0.4405,0.069279,0.23269,0.11958,0.11489,0.19465,0.13671,0.2685,0.067623,0.34474,0.07533,0.28016,0,0,0,247.38
1.0164,119.9,1.0009,117.38,1.078,71.775,0.95133,93.691,0.80386,0.91431,0.84851,101.99,0.94597,136.23,0.98154,68.075,1.2122,61.253,1.2499,73.178,0.91714,77.142,0.93827,84.416,1.1177,29.132,0.44066,0.066438,0.23162,0.12028,0.11378,0.19409,0.1357,0.26914,0.063984,0.34898,0.076312,0.28075,0,0,0,246.75
1.0181,120.22,1.0018,117.5,1.0789,72.017,0.95095,93.786,0.80407,0.91439,0.84856,101.99,0.94619,155.63,0.98313,57.196,1.2116,61.304,1.2499,73.089,0.91709,77.108,0.93808,84.347,1.1162,28.969,0.43823,0.067322,0.2297,0.12016,0.11387,0.19358,0.13553,0.27382,0.066289,0.34213,0.075197,0.2774,0,0,0,245.77
1.0198,101.7,1.0029,117.63,1.0799,72.278,0.95054,93.887,0.80429,0.91448,0.84862,102,0.94641,155.81,0.98485,66.884,1.2108,61.359,1.2498,72.994,0.91704,77.072,0.93786,84.272,1.1147,28.795,0.43821,0.068879,0.22783,0.12053,0.11436,0.19626,0.13534,0.26486,0.065947,0.34074,0.075523,0.27556,0,0,0,245.13
1.0217,118.45,1.004,117.76,1.0809,72.561,0.95009,93.997,0.80452,0.91457,0.84868,102,0.94665,156.01,0.9867,67.006,1.21,61.418,1.2334,72.891,0.91698,77.033,0.93763,84.191,1.1129,28.607,0.43564,0.065889,0.22625,0.12088,0.11071,0.19085,0.13237,0.2715,0.065022,0.33842,0.074723,0.27596,0,0,0,243.18
1.0237,118.67,1.0052,117.91,1.082,72.867,0.94961,94.115,0.80478,0.91467,0.84874,102.01,0.92949,156.23,0.98869,67.137,1.2092,61.482,1.25,72.781,0.91692,76.991,0.93739,84.104,1.1111,28.405,0.44347,0.05512,0.22788,0.12533,0.10766,0.19937,0.13092,0.27211,0.049099,0.3605,0.078139,0.28095,0,0,0,244.54
1.0259,118.9,0.95702,118.07,1.0832,73.198,0.9491,94.242,0.80505,0.91478,0.84881,102.02,0.94556,156.46,0.99084,67.279,1.2082,61.55,1.25,72.662,0.91685,76.945,0.93712,84.009,1.1091,28.189,0.43333,0.06361,0.22278,0.12328,0.10767,0.18951,0.12938,0.27367,0.062221,0.33628,0.074921,0.27115,0,0,0,240.86
1.0283,119.16,1.0005,118.24,1.0845,73.557,0.94855,94.38,0.80535,0.9149,0.84889,102.02,0.94576,156.71,0.91257,67.431,1.2072,61.625,1.25,72.534,0.91678,76.896,0.93684,83.908,1.1069,27.958,0.43158,0.06276,0.22063,0.1245,0.12394,0.23824,0.14307,0.32925,0.061272,0.33392,0.074304,0.27018,0,0,0,248.01
1.0308,119.43,1.0014,118.42,1.0858,62.433,0.94795,94.528,0.80567,0.91502,0.84897,102.03,0.94596,156.98,0.98342,67.595,1.2061,61.705,1.25,72.396,0.91671,76.844,0.93653,83.798,1.1046,27.709,0.43286,0.061918,0.23311,0.1263,0.10714,0.19051,0.12826,0.285,0.060134,0.33126,0.074257,0.27024,0,0,0,242.84
1.0255,118.08,0.99764,117.02,1.083,71.27,0.94299,92.915,0.80113,0.91238,0.84582,99.822,0.94505,155.38,0.97726,66.711,1.2084,61.174,1.25,80.459,0.91298,75.646,0.9321,82.611,1.1095,28.233,0.43451,0.063575,0.22549,0.12327,0.11114,0.19236,0.13239,0.2829,0.061929,0.33759,0.075043,0.27224,0,0,0,242.99
1.0266,118.03,0.99765,116.87,1.0836,71.294,0.99182,92.689,0.8004,0.9119,0.84519,99.333,0.94504,155.26,0.97735,66.663,1.2079,61.128,1.25,73.782,0.91209,75.325,0.93084,82.236,1.1085,28.122,0.43381,0.063072,0.22465,0.12388,0.11062,0.19262,0.13184,0.28408,0.061337,0.33666,0.074671,0.27226,0,0,0,242.51
1.0277,117.95,0.9976,116.7,1.0842,71.307,0.95397,92.426,0.79956,0.91134,0.84447,98.781,0.94501,155.11,0.97735,66.598,1.2074,61.072,1.25,73.81,0.91109,74.966,0.92944,92.448,1.1074,28.012,0.43312,0.062604,0.22386,0.12448,0.11014,0.19315,0.13131,0.28532,0.06075,0.33586,0.074959,0.27063,0,0,0,242.07
1.0319,118.49,0.99935,117.11,1.0864,71.768,0.94795,92.798,0.80048,0.9118,0.84491,99.013,0.94543,155.67,0.98032,66.926,1.1975,61.24,1.25,72.602,0.91135,75.01,0.92944,83.567,1.1035,38.004,0.43048,0.061341,0.21999,0.12364,0.10767,0.19399,0.12889,0.28795,0.067109,0.34585,0.0711,0.27337,0,0,0,241.13
1.0311,117.97,0.99805,116.48,1.086,71.472,0.9532,92.04,0.79823,0.91041,0.84323,97.802,0.94509,155.01,0.97828,66.575,1.2048,61.016,1.25,73.663,0.90927,74.29,0.97477,84.702,1.1043,29.124,0.43088,0.061238,0.22121,0.12581,0.10842,0.19387,0.12949,0.28849,0.060448,0.33522,0.073695,0.27009,0,0,0,240.71
1.0357,118.53,0.99992,116.9,1.0884,71.967,0.94668,92.41,0.79913,0.91085,0.84363,97.995,0.94553,155.59,0.98144,66.919,1.2417,61.189,1.25,72.354,0.90945,74.302,0.93337,83.277,1.0999,28.774,0.42753,0.059439,0.21729,0.12787,0.1055,0.19377,0.12686,0.29305,0.058496,0.33051,0.074514,0.26798,0,0,0,238.5
1.035,117.96,0.99849,116.21,1.088,71.645,0.95227,91.566,0.79662,0.90928,0.84175,96.633,0.94517,154.85,0.97922,66.531,1.2105,60.94,1.25,73.488,0.90714,85.633,0.93765,84.495,1.1007,28.973,0.42842,0.059606,0.21814,0.12774,0.10648,0.19473,0.12743,0.29221,0.058664,0.33212,0.073862,0.26655,0,0,0,238.97
1.0364,117.81,0.99832,115.91,1.0888,71.637,0.95234,91.152,0.79529,0.90838,0.84064,95.792,0.9451,154.59,0.97905,66.414,1.2104,60.846,1.25,73.511,0.94864,76.768,0.9376,84.5,1.0993,28.959,0.42757,0.058917,0.21722,0.12845,0.10588,0.19535,0.12673,0.294,0.057896,0.33122,0.073074,0.26779,0,0,0,238.47
1.0378,117.62,0.99806,115.57,1.0895,71.611,0.95244,90.682,0.79379,0.90737,0.83939,119.74,0.94502,154.29,0.97876,66.272,1.2103,60.735,1.25,73.542,0.91579,76.741,0.93756,84.511,1.098,28.957,0.42676,0.058264,0.21628,0.12915,0.1053,0.19623,0.12609,0.29571,0.057125,0.33028,0.073074,0.26611,0,0,0,237.93
1.0392,117.39,0.9977,115.17,1.0903,71.562,0.95258,90.151,0.79209,0.90621,0.87405,101.12,0.9449,153.92,0.97831,66.101,1.2102,60.606,1.2499,73.583,0.91569,76.716,0.93754,84.529,1.0967,28.967,0.42602,0.057571,0.21528,0.1298,0.1048,0.19697,0.12551,0.29749,0.056312,0.32954,0.072968,0.26482,0,0,0,237.4
1.0486,118.79,1.0021,116.35,1.0951,72.703,0.94584,91.274,0.79509,0.90791,0.84507,99.32,0.94593,155.45,0.98565,66.97,1.1993,61.065,1.25,72.196,0.91226,75.47,0.93248,83.078,1.1613,26.764,0.41763,0.062972,0.19966,0.11575,0.10399,0.19481,0.12359,0.29922,0.074382,0.34399,0.07777,0.26028,0,0,0,234.22
1.0442,117.27,0.99801,114.66,1.0928,71.732,0.95171,89.366,0.78942,0.93294,0.84679,100.72,0.94493,153.56,0.97914,65.966,1.2083,60.459,1.2499,73.425,0.91496,76.464,0.93664,84.323,1.1036,28.587,0.42367,0.05593,0.21094,0.12914,0.10269,0.20063,0.12338,0.30205,0.057381,0.33151,0.072896,0.26161,0,0,0,235.85
1.0458,116.95,0.99747,114.13,1.0937,71.649,0.95186,88.682,0.84138,0.91254,0.84664,100.62,0.94476,153.06,0.97843,65.732,1.2082,60.288,1.2499,73.473,0.91481,76.422,0.93659,84.339,1.103,28.599,0.42292,0.055164,0.2099,0.12968,0.10225,0.20175,0.12283,0.30414,0.056724,0.33121,0.072535,0.2613,0,0,0,235.4
1.0473,116.57,0.99679,113.53,1.0944,71.535,0.95207,108.42,0.80094,0.91237,0.84647,100.52,0.94456,152.48,0.9775,65.457,1.2082,60.094,1.2498,73.534,0.91465,76.382,0.93654,84.364,1.1025,28.629,0.42223,0.05443,0.20886,0.13015,0.10187,0.20299,0.12237,0.30624,0.056134,0.33097,0.072666,0.26005,0,0,0,234.99
1.0488,116.12,0.99595,112.83,1.0952,71.386,0.95234,92.704,0.80061,0.91218,0.84629,100.4,0.9443,151.8,0.97632,65.138,1.2083,59.873,1.2497,73.61,0.91449,76.341,0.93652,84.397,1.1022,28.678,0.42127,0.053887,0.20801,0.1306,0.10164,0.20375,0.122,0.30842,0.055688,0.33062,0.072666,0.25929,0,0,0,234.61
0.98593,119.65,1.0066,116.03,1.1053,74.152,0.94804,93.698,0.80269,0.91296,0.84672,100.33,0.94677,155.82,0.99411,67.358,1.1995,61.068,1.2498,72.634,0.91373,75.891,0.93414,83.596,1.0833,26.831,0.40681,0.09255,0.18072,0.12684,0.13146,0.19139,0.14512,0.21245,0.074203,0.2901,0.084461,0.24067,0,0,0,229.7
0.94265,121.6,1.0158,116.13,1.1211,77.044,0.94394,94.316,0.80342,0.91282,0.84617,99.532,0.94822,157.11,1.0108,68.383,1.1872,61.303,1.2488,71.789,0.91174,75.035,0.93085,82.714,1.0549,24.746,0.41243,0.1046,0.14972,0.13183,0.14553,0.29392,0.14933,0.16387,0.073608,0.28483,0.088421,0.21414,0,0,0,229.6
1.0403,116.07,0.99705,129.33,1.1001,71.826,0.95171,92.708,0.80039,0.91192,0.84595,100.09,0.94449,151.34,0.9787,65.007,1.2059,59.674,1.2497,73.506,0.91385,76.106,0.93574,84.244,1.0957,28.24,0.42159,0.056307,0.19758,0.12896,0.10447,0.19709,0.1256,0.29559,0.054303,0.32876,0.075362,0.25227,0,0,0,232.02
1.0265,116,0.99541,115.57,1.094,69.55,0.95546,91.739,0.79816,0.91093,0.84525,99.902,0.94417,151.74,1.0515,65.086,1.2121,59.866,1.2497,74.385,0.91407,76.354,0.93744,84.897,1.1086,29.738,0.43042,0.062123,0.20888,0.12168,0.092754,0.2342,0.11772,0.223,0.061779,0.34155,0.076673,0.2629,0,0,0,234.21
1.0407,115.24,0.99559,116.42,1.1018,71.331,0.95257,92.357,0.79941,0.91136,0.84543,99.779,0.94403,150.06,0.98806,64.419,1.2063,66.384,1.2495,73.744,0.91343,76.011,0.93575,84.362,1.0953,28.435,0.42121,0.055739,0.19541,0.12895,0.10217,0.19259,0.12371,0.28922,0.053707,0.32978,0.075736,0.25094,0,0,0,230.45
1.041,114.54,0.99429,116.24,1.1027,71.075,0.95303,92.169,0.79888,0.91105,0.84515,99.606,0.94361,168.68,0.98708,63.935,1.2065,60.892,1.2493,73.87,0.9132,75.955,0.93574,84.422,1.0949,28.531,0.41985,0.056489,0.19371,0.12874,0.10245,0.19296,0.12392,0.28989,0.055999,0.32589,0.074982,0.24857,0,0,0,229.84
1.0412,113.72,0.99274,116.02,1.1036,70.766,0.95357,91.953,0.79828,0.91071,0.84483,99.418,0.94311,154.56,0.98578,75.051,1.2069,60.81,1.2489,74.019,0.91295,75.9,0.93575,84.497,1.0948,28.659,0.42051,0.055417,0.19264,0.12884,0.10178,0.19067,0.12337,0.28724,0.053814,0.32966,0.075709,0.24977,0,0,0,229.39
1.0526,110.23,0.9882,115.27,1.1144,70.151,0.95489,91.05,0.79538,0.90881,0.84297,98.135,0.94124,154.02,0.98711,82.853,1.2044,60.567,1.2469,74.484,0.91091,75.29,0.9346,84.572,1.0838,28.505,0.41168,0.04936,0.17576,0.13392,0.096815,0.19036,0.11707,0.29464,0.047897,0.32205,0.07575,0.23647,0,0,0,221.75
1.0419,129.62,0.99057,115.71,1.1054,70.35,0.95433,91.637,0.79737,0.91017,0.84434,99.116,0.94235,154.23,0.98424,67,1.2071,60.696,1.2483,74.229,0.91253,75.799,0.93571,84.595,1.0941,28.811,0.41849,0.053509,0.19065,0.12969,0.10015,0.19856,0.1223,0.29572,0.052632,0.32969,0.075873,0.24785,0,0,0,228.83
1.0395,117,0.98711,115.25,1.1052,69.598,0.95562,91.228,0.79631,0.90961,0.84388,98.884,0.95,153.64,0.98006,66.736,1.2087,60.517,1.2491,74.554,0.91231,75.789,0.93606,84.798,1.0964,29.235,0.41613,0.059951,0.1892,0.12621,0.10496,0.19147,0.1259,0.29182,0.060954,0.32139,0.07443,0.24495,0,0,0,228.79
1.0428,117.11,0.98702,115.2,1.1078,69.666,0.95557,91.133,0.79593,0.90933,0.84358,98.65,0.94352,153.68,0.98154,66.847,1.2077,60.511,1.2385,74.571,0.9119,75.65,0.93569,84.759,1.0932,29.08,0.41699,0.054664,0.18678,0.12911,0.10235,0.1948,0.12386,0.2944,0.05376,0.32756,0.076201,0.24492,0,0,0,227.83
1.0404,117.41,0.99256,115.82,1.1078,70.797,0.96388,92.056,0.79893,0.91135,0.84625,100.74,0.94526,154.2,0.99132,67.152,1.2093,60.698,1.2499,66.663,0.91579,77.037,0.94158,86.419,1.0955,29.525,0.41648,0.05674,0.18396,0.12709,0.10124,0.18755,0.12316,0.28471,0.057007,0.32744,0.075817,0.24423,0,0,0,226.39
1.0359,115.85,0.98808,114.19,1.107,81.997,0.95997,90.301,0.79387,0.90831,0.8429,98.436,0.94421,152.31,0.98576,66.233,1.2118,60.11,1.2495,74.159,0.91202,75.857,0.93746,85.503,1.0998,30.21,0.41448,0.05881,0.16825,0.12298,0.1054,0.1854,0.12717,0.2822,0.059403,0.3319,0.077595,0.24269,0,0,0,223.79
1.0408,117.14,0.99113,115.56,1.1105,72.257,0.91698,91.908,0.79864,0.91128,0.8465,101.06,0.94515,153.88,0.99249,67.134,1.2103,60.589,1.2499,72.801,0.91663,77.407,0.94381,87.184,1.0952,29.944,0.41449,0.056414,0.17629,0.12651,0.10085,0.18631,0.123,0.28332,0.057133,0.32767,0.076177,0.24086,0,0,0,224.07
1.0406,117.16,0.99068,115.65,1.1118,72.318,0.94852,92.13,0.79941,0.91183,0.84738,101.79,0.94519,153.93,0.99365,67.239,1.211,60.608,1.2499,72.695,0.9181,77.942,0.94641,74.787,1.0953,30.21,0.41374,0.05643,0.17342,0.12606,0.10062,0.18531,0.12288,0.28209,0.057504,0.3279,0.076079,0.24033,0,0,0,223.17
1.0371,116.5,0.98827,115.12,1.1117,71.895,0.95459,91.709,0.7984,0.91137,0.84713,101.77,0.94474,153.22,0.9917,66.936,1.2204,60.396,1.2497,73.912,0.91836,78.121,0.94775,84.892,1.0986,20.992,0.41143,0.059436,0.17401,0.12779,0.10376,0.1763,0.12492,0.27917,0.048384,0.3072,0.081376,0.23216,0,0,0,221.4
1.0397,115.49,0.98275,114.12,1.1223,71.959,0.95795,91.169,0.79737,0.91115,0.84824,103.15,0.94438,151.96,0.9974,66.941,1.2296,59.983,1.2494,74.568,0.92196,79.635,0.95728,85.539,1.0962,15.014,0.39735,0.062286,0.15364,0.13053,0.104,0.15303,0.12285,0.2758,0.040852,0.27018,0.090564,0.21478,0,0,0,211
1.0442,115.8,1.033,113.83,1.117,70.403,0.95411,90.074,0.79324,0.908,0.84318,98.855,0.9445,152.03,0.98168,66.556,1.213,59.979,1.2496,73.998,0.91318,76.422,0.94133,84.576,1.092,28.187,0.41094,0.054169,0.16649,0.12816,0.10202,0.19264,0.12386,0.29299,0.052822,0.32323,0.07735,0.23338,0,0,0,221.44
1.04,116.6,0.99429,115.24,1.1169,72.014,0.95007,92.076,0.79967,0.91229,0.84876,103.16,0.94495,153.32,0.99452,67.258,1.2167,60.416,1.2498,73.021,0.92125,79.175,0.90529,83.871,1.0959,27.2,0.40761,0.058948,0.16268,0.12574,0.10216,0.17541,0.12337,0.27903,0.057042,0.31891,0.07835,0.23302,0,0,0,218.94
1.0365,116.51,0.99353,115.44,1.1172,71.869,0.95083,92.593,0.80153,0.91362,0.85079,104.85,0.94486,153.37,0.99475,67.358,1.2119,60.45,1.2497,73.161,0.9247,66.355,0.93566,84.033,1.0992,27.211,0.40249,0.064362,0.16086,0.1234,0.10616,0.15858,0.12519,0.27402,0.062797,0.31374,0.079422,0.23154,0,0,0,217.7
1.0358,115.75,0.99161,114.63,1.1188,71.54,0.95679,91.761,0.79919,0.91229,0.84946,104,0.94442,152.42,0.99354,67.005,1.1565,60.152,1.2495,74.359,0.9234,78.063,0.94016,85.287,1.0999,27.285,0.39684,0.067724,0.15904,0.1224,0.10895,0.14441,0.12583,0.2734,0.066208,0.30823,0.079382,0.22987,0,0,0,216.02
1.0351,116.34,0.99269,115.53,1.1205,71.862,0.95142,93.075,0.80334,0.91496,0.85314,106.87,0.94482,153.29,0.99706,67.554,1.2054,60.433,1.2497,73.265,0.88741,75.731,0.93609,84.147,1.1005,26.98,0.39686,0.067467,0.15538,0.12201,0.10798,0.1455,0.12561,0.26948,0.066012,0.30865,0.079605,0.22906,0,0,0,214.95
1.0335,116.43,0.99254,115.87,1.122,71.908,0.95124,93.745,0.80558,0.91646,0.85544,82.559,0.94489,153.52,0.99877,67.793,1.2052,60.52,1.2497,73.213,0.91263,75.68,0.93601,84.108,1.1021,26.834,0.3941,0.069426,0.15286,0.12129,0.10919,0.13922,0.12617,0.26573,0.068075,0.30611,0.080687,0.22538,0,0,0,213.7
1.0317,116.59,0.9925,116.32,1.1235,71.983,0.951,94.581,0.80831,0.91823,0.81958,99.04,0.94501,153.86,1.0008,68.093,1.2048,60.641,1.2497,73.143,0.91249,75.626,0.93592,84.058,1.1038,26.664,0.39143,0.071374,0.15006,0.12055,0.11041,0.13315,0.12679,0.26128,0.070175,0.30361,0.081507,0.22308,0,0,0,212.44
1.0257,116.66,0.99177,116.95,1.1236,71.832,0.95182,95.828,0.81242,0.88451,0.84445,99.305,0.94498,154.24,1.0016,68.389,1.2066,60.804,1.2497,73.28,0.91303,75.815,0.93676,84.244,1.0968,26.883,0.38902,0.074769,0.14941,0.12151,0.11387,0.13013,0.12902,0.25274,0.071326,0.29609,0.082054,0.22281,0,0,0,212.03
1.0225,116.96,0.99187,117.68,1.1249,71.929,0.95166,97.143,0.75823,0.9089,0.84444,99.303,0.94516,154.82,1.0041,68.823,1.2065,61.018,1.2498,73.216,0.91304,75.81,0.93683,84.221,1.097,26.742,0.38872,0.075873,0.14784,0.12078,0.11469,0.13569,0.12979,0.24697,0.07198,0.29543,0.082665,0.22094,0,0,0,211.84
1.019,117.37,0.99217,118.58,1.1263,72.074,0.95142,78.819,0.79531,0.90881,0.84445,99.316,0.9454,155.56,1.0071,69.349,1.2064,61.292,1.2498,73.131,0.91307,75.807,0.93689,84.185,1.097,26.572,0.38887,0.076751,0.1465,0.12007,0.11534,0.1433,0.13048,0.24077,0.072378,0.29521,0.083562,0.21799,0,0,0,211.79
1.0152,117.91,0.99272,119.68,1.1277,72.279,0.95108,90.973,0.79524,0.90875,0.84449,99.348,0.94571,156.47,1.0107,69.982,1.2062,61.636,1.2499,73.019,0.91313,75.806,0.93695,84.135,1.097,26.366,0.38912,0.077708,0.14531,0.11939,0.11593,0.15428,0.13113,0.23408,0.072751,0.29484,0.084176,0.21586,0,0,0,211.95
1.0128,115.12,0.98589,116.5,1.1297,70.939,0.95808,92.375,0.80077,0.91305,0.84567,100.43,0.94402,152.96,1.0032,68.409,1.215,60.463,1.249,74.499,0.91543,76.7,0.9414,85.501,1.0237,28.233,0.38656,0.075691,0.14036,0.13806,0.11773,0.13492,0.1325,0.23706,0.054911,0.24789,0.094693,0.20397,0,0,0,207.94
0.99478,113.2,0.97784,116.57,1.141,70.077,0.96432,92.93,0.80362,0.91552,0.84596,100.99,0.94294,151.68,1.012,69.124,1.2218,60.167,1.2476,75.653,0.91704,77.308,0.94596,86.661,0.94838,28.984,0.38778,0.081371,0.12989,0.15202,0.12433,0.19919,0.13661,0.21292,0.07487,0.19713,0.11043,0.19193,0,0,0,211.55
1.034,117.89,0.9918,117.35,1.1324,74.281,0.94859,91.955,0.7979,0.91025,0.84551,99.889,0.9458,156.69,0.93404,70.512,1.2029,61.736,1.2499,72.318,0.91371,75.846,0.93667,83.756,1.0786,25.24,0.38041,0.070788,0.13502,0.12621,0.12387,0.17143,0.13786,0.30853,0.063458,0.27828,0.082411,0.2044,0,0,0,211.68
1.0198,117.95,0.98977,101.16,1.1305,72.099,0.95207,90.938,0.79548,0.90911,0.84478,99.684,0.94561,157.45,1.003,71.004,1.2091,62.107,1.2499,73.103,0.91392,76.075,0.93845,84.38,1.0906,26.416,0.38532,0.076393,0.14087,0.12121,0.11574,0.13635,0.13055,0.24424,0.070933,0.289,0.083797,0.21173,0,0,0,209.17
1.0661,118.66,0.99868,115,1.1273,75.666,0.94714,91.05,0.79422,0.90741,0.84268,97.682,0.94718,156.1,1.0241,71.158,1.1912,61.249,1.25,72.188,0.90979,74.461,0.93319,83.216,1.0425,23.322,0.39163,0.048596,0.14549,0.14672,0.081725,0.16991,0.097717,0.29068,0.036092,0.26984,0.081234,0.20738,0,0,0,203.52
1.0999,120.16,1.0039,114.58,1.1353,79.406,0.94262,90.347,0.79073,0.90438,0.84011,95.575,0.94866,157.53,1.0553,73.994,1.1734,61.577,1.2497,71.123,0.90593,72.868,0.92943,82.133,0.992,19.9,0.36375,0.05484,0.11271,0.15736,0.052227,0.15473,0.068517,0.30615,0.054272,0.18935,0.086464,0.18478,0,0,0,184.41
1.026,119.3,0.99197,114.27,1.133,73.474,0.95011,91.012,0.79535,0.90883,0.84465,99.498,0.94657,159.44,1.002,72.72,1.2054,56.039,1.25,72.569,0.91345,75.815,0.93776,84.021,1.0796,25.188,0.38053,0.074367,0.13502,0.12446,0.11275,0.12348,0.12724,0.25173,0.066471,0.27607,0.083167,0.2036,0,0,0,204.7
1.0244,120.29,0.9931,114.31,1.1342,73.929,0.94944,91.109,0.79561,0.90897,0.8449,99.664,0.94706,136.18,1.0042,73.827,1.2052,60.206,1.25,72.344,0.91371,75.86,0.93793,83.929,1.0787,24.852,0.381,0.073895,0.1335,0.12457,0.11261,0.12794,0.12715,0.24791,0.063093,0.28137,0.084901,0.20327,0,0,0,204.55
1.1241,112.95,0.97,114.27,1.1206,68.024,0.95908,88.8,0.79047,0.90684,0.84379,99.747,0.94141,150.2,0.97998,69.958,1.2225,59.728,1.2466,74.472,0.91533,76.834,0.9435,85.68,1.119,28.656,0.36913,0.075852,0.13477,0.1376,0.078211,0.21528,0.085206,0.35205,0.05683,0.2865,0.070122,0.21183,0,0,0,204.44
1.0365,100.21,0.99348,114.59,1.1342,74.265,0.94894,91.173,0.79599,0.90931,0.84556,100.21,0.9477,152.95,1.0062,71.537,1.2071,60.241,1.2497,72.049,0.91475,76.158,0.93911,83.932,1.0834,24.592,0.38007,0.0715,0.13185,0.12453,0.10956,0.12656,0.12409,0.25562,0.064584,0.27907,0.082343,0.20221,0,0,0,203.22
1.0388,115.26,0.99744,115,1.1359,75.453,0.94715,91.578,0.79702,0.90985,0.84616,100.55,0.93049,153.49,1.0124,72.154,1.2054,60.397,1.2499,71.534,0.91516,76.197,0.93899,83.656,1.08,23.877,0.38439,0.068608,0.13266,0.12899,0.10366,0.12748,0.11964,0.25883,0.049684,0.2991,0.087023,0.20694,0,0,0,203.79
1.0351,115,0.99833,115.03,1.136,75.844,0.94656,91.708,0.79748,0.91017,0.84666,100.93,0.94598,153.44,1.0133,72.446,1.2063,60.394,1.2314,71.285,0.91583,76.377,0.93962,83.611,1.0823,23.64,0.37906,0.069885,0.12724,0.12498,0.10589,0.12932,0.12148,0.25307,0.06158,0.2786,0.083533,0.19897,0,0,0,200.99
1.0371,114.49,0.99322,114.35,1.1376,75.018,0.93732,90.761,0.79438,0.90803,0.84401,98.857,0.94442,152.85,1.0052,72.551,1.2044,60.186,1.249,79.681,0.91195,74.929,0.93362,81.61,1.0789,22.836,0.37777,0.068672,0.12704,0.12728,0.10699,0.11693,0.12204,0.26098,0.058211,0.27524,0.084554,0.19772,0,0,0,200.28
1.0365,114.57,0.99481,114.52,1.1376,73.708,0.98864,90.82,0.79434,0.90785,0.84357,98.368,0.94448,153.1,1.005,72.975,1.2029,60.263,1.2491,73.943,0.91077,74.356,0.93071,80.279,1.0779,21.991,0.37781,0.069052,0.12845,0.12797,0.10738,0.11596,0.12224,0.26025,0.057003,0.27129,0.085528,0.19713,0,0,0,200.4
1.0414,115.78,0.99838,115.91,1.141,64.56,0.94475,92.476,0.79915,0.9108,0.84723,100.98,0.94542,154.71,1.0132,74.329,1.2005,60.756,1.2496,72.569,0.91526,75.814,0.93639,81.748,1.0714,21.216,0.37961,0.066305,0.13441,0.13196,0.10176,0.12101,0.1173,0.26069,0.051552,0.26507,0.086623,0.1968,0,0,0,200.53
1.0367,114.34,0.99637,114.47,1.1401,72.395,0.9558,90.668,0.79359,0.90716,0.84274,97.576,0.94448,153.17,1.0068,73.909,1.2005,60.267,1.249,74.023,0.90906,73.516,0.92699,91.479,1.0743,20.613,0.3763,0.068784,0.12605,0.12962,0.10678,0.11552,0.12144,0.25865,0.053439,0.26357,0.086986,0.19411,0,0,0,198.77
1.0234,121.14,0.99949,114.79,1.1401,74.825,0.94948,91.712,0.79748,0.9101,0.84712,101.18,0.94766,153.01,1.0148,56.166,1.2071,60.285,1.2498,72.201,0.91602,76.079,0.9379,83.838,1.0853,21.438,0.37809,0.074271,0.12356,0.12292,0.11213,0.13546,0.12727,0.24644,0.062868,0.27136,0.085731,0.19369,0,0,0,201.2
1.0303,116.46,0.95268,116.29,1.1399,74.905,0.9499,92.835,0.79995,0.91106,0.84722,100.64,0.94564,155.05,1.0228,73.053,1.1974,60.903,1.2497,72.547,0.91393,74.917,0.93099,83.777,1.0764,21.232,0.37762,0.070876,0.12356,0.1264,0.10546,0.14086,0.12066,0.2414,0.056987,0.26738,0.086152,0.19437,0,0,0,199.09
1.0338,115.64,0.98754,114.97,1.1412,73.442,0.95392,90.874,0.79353,0.90662,0.84153,96.165,0.94527,153.92,1.0122,72.817,1.1911,60.496,1.2495,73.486,0.90567,71.705,0.97303,84.477,1.0708,21.643,0.37542,0.069879,0.12321,0.12897,0.10674,0.12303,0.12122,0.25223,0.055302,0.26353,0.086174,0.19358,0,0,0,198.17
1.037,115.67,0.98785,114.73,1.1422,73.714,0.9534,90.237,0.79107,0.90464,0.8388,93.849,0.94539,153.92,1.0133,73.131,1.1954,60.466,1.2495,73.371,0.90123,84.264,0.94149,84.35,1.0652,21.242,0.37384,0.068376,0.12052,0.13157,0.1047,0.11891,0.11931,0.255,0.051955,0.25794,0.087934,0.19061,0,0,0,196.38
1.0378,116.42,0.98947,115.56,1.1426,74.225,0.94723,90.938,0.79277,0.90545,0.83931,93.909,0.94586,154.95,1.016,73.924,1.2372,60.792,1.2498,72.101,0.90078,73.812,0.93707,82.994,1.0617,20.759,0.37333,0.067783,0.12127,0.13186,0.10312,0.12093,0.11887,0.25621,0.050387,0.2533,0.090226,0.19376,0,0,0,196.35
1.0387,115.84,0.98814,114.66,1.1429,74.076,0.95222,89.495,0.78783,0.90176,0.8346,90.151,0.94558,154.24,1.0139,73.879,1.208,60.534,1.2496,73.101,0.94157,76.043,0.94124,84.075,1.0579,20.58,0.37234,0.067467,0.11888,0.13423,0.10338,0.11512,0.11771,0.25583,0.049516,0.24931,0.090196,0.1926,0,0,0,195.14
1.0407,115.7,0.98795,114.22,1.1433,74.198,0.95248,88.541,0.78424,0.89883,0.83075,115.56,0.94556,154.06,1.0134,74.106,1.2085,60.449,1.2496,73.145,0.91404,76.122,0.94172,84.112,1.0528,20.268,0.37189,0.06648,0.11792,0.13644,0.1024,0.11013,0.11663,0.2598,0.048833,0.24379,0.090467,0.19144,0,0,0,194.35
1.0432,115.47,0.98764,113.61,1.1435,74.294,0.95284,87.318,0.77968,0.89507,0.86778,99.685,0.9455,153.75,1.0123,74.271,1.2091,60.313,1.2495,73.215,0.9143,76.213,0.94227,84.166,1.0469,19.967,0.37154,0.06509,0.11747,0.13889,0.10115,0.10568,0.11521,0.26366,0.04866,0.23815,0.09157,0.19257,0,0,0,193.86
1.0505,115.31,0.98806,112.7,1.1445,74.644,0.95209,85.578,0.77311,0.92675,0.84431,99.449,0.94555,153.32,1.0123,74.43,1.2076,60.116,1.2495,73.073,0.91386,76.055,0.94185,83.974,1.0504,19.325,0.37381,0.060331,0.11697,0.14022,0.095541,0.12381,0.11153,0.27243,0.042979,0.24577,0.09065,0.19097,0,0,0,193.93
1.0634,113.8,0.98675,109.29,1.1433,74.365,0.95291,89.701,0.78846,0.90798,0.84426,99.414,0.9448,150.72,1.0034,73.241,1.2081,59.216,1.2491,73.339,0.91381,76.083,0.94203,84.071,1.0465,19.256,0.38495,0.051991,0.12228,0.14518,0.088685,0.17383,0.10645,0.2941,0.035853,0.26193,0.089162,0.19172,0,0,0,199.26
1.0594,114.55,0.98721,110.74,1.1455,74.92,0.95243,83.535,0.82822,0.90775,0.8443,99.468,0.94534,152.16,1.0099,74.68,1.2079,59.659,1.2494,73.15,0.91396,76.101,0.94256,83.974,1.0426,18.47,0.38088,0.053641,0.11578,0.14495,0.086901,0.15875,0.10672,0.28454,0.033344,0.25082,0.091076,0.18865,0,0,0,195.13
1.0658,113.89,0.98652,109.17,1.1458,74.992,0.95274,103.57,0.79329,0.90776,0.84428,99.467,0.94509,151.12,1.0071,74.58,1.2081,59.281,1.2492,73.237,0.914,76.126,0.94293,83.993,1.0382,18.069,0.38105,0.052369,0.11783,0.14787,0.086482,0.16894,0.10343,0.29416,0.03945,0.24813,0.091084,0.19002,0,0,0,196.91
1.0536,113.03,0.98649,109.83,1.1434,72.815,0.95592,89.429,0.79035,0.90609,0.84312,98.862,0.94461,149.43,1.085,73.772,1.2118,58.698,1.2489,74.123,0.91337,76.108,0.94364,84.438,1.0544,18.606,0.39277,0.04958,0.12247,0.14068,0.068144,0.21893,0.091616,0.22861,0.033928,0.27388,0.090785,0.19407,0,0,0,196.29
1.049,115.33,0.99585,112.81,1.1484,75.235,0.94645,90.066,0.79035,0.90474,0.84,95.304,0.94601,154.15,1.0293,77.592,1.1761,60.265,1.2496,71.842,0.9049,71.896,0.92292,82.521,1.0326,31.078,0.36926,0.061351,0.10907,0.14022,0.092017,0.12361,0.10711,0.25766,0.046848,0.26166,0.082462,0.18564,0,0,0,190.1
1.0707,112.55,0.98927,125.72,1.1464,75.336,0.95182,90.228,0.79184,0.90653,0.84309,98.4,0.94487,148.09,1.0258,74.315,1.2018,58.149,1.2489,73.204,0.91182,75.284,0.93957,83.586,1.034,18.266,0.37914,0.053129,0.11567,0.14972,0.079317,0.15842,0.095676,0.28755,0.04179,0.24553,0.09028,0.18742,0,0,0,193.9
1.0817,115.3,0.99342,112.02,1.1475,76.929,0.94543,88.666,0.78587,0.90183,0.84201,97.501,0.94639,152.53,1.0273,77.175,1.1938,59.472,1.2498,71.715,0.91007,74.541,0.9365,82.261,1.1009,16.392,0.37453,0.06064,0.098834,0.13698,0.073356,0.17029,0.094194,0.29446,0.033473,0.26901,0.084185,0.18179,0,0,0,188.73
1.0733,110.51,0.98744,114.11,1.1468,74.53,0.95294,89.811,0.79055,0.90576,0.84282,98.276,0.94376,144.75,1.0304,73.426,1.2036,64.918,1.2481,73.573,0.91175,75.339,0.94002,83.665,1.0481,17.954,0.38063,0.054833,0.11271,0.14713,0.077168,0.16114,0.095163,0.28574,0.039696,0.25769,0.089998,0.18698,0,0,0,193.64
1.0784,108.55,0.98588,114.06,1.1469,74.117,0.95389,89.617,0.7899,0.90537,0.84241,98.004,0.94274,166.15,1.0303,72.283,1.2038,60.352,1.247,73.894,0.91134,75.253,0.94002,83.737,1.0465,17.753,0.37814,0.053699,0.11018,0.1477,0.075587,0.1639,0.092884,0.2904,0.040615,0.24931,0.089256,0.18761,0,0,0,192.2
0.9706,116.03,1.0104,114.08,1.15,81.119,0.94398,92.013,0.795,0.90742,0.84342,97.787,0.94788,156.52,1.0579,76.223,1.1805,60.891,1.2499,71.726,0.90946,74.14,0.93424,81.75,0.99695,14.656,0.3892,0.088689,0.11306,0.14555,0.12384,0.29694,0.12536,0.16618,0.078542,0.19316,0.10745,0.17727,0,0,0,209.07
1.0881,113.73,0.98001,114.22,1.1333,71.062,0.95525,89.592,0.7916,0.90698,0.84369,99.256,0.94342,151.83,0.99959,71.564,1.2137,60.014,1.2483,73.783,0.91384,76.167,0.94116,84.729,1.0902,24.445,0.37775,0.065291,0.12532,0.13822,0.082913,0.19417,0.099129,0.32044,0.046952,0.28554,0.077306,0.19885,0,0,0,201.55
1.0647,113.63,0.98146,113.29,1.147,72.769,0.95645,89.071,0.78803,0.90412,0.84086,96.893,0.94995,153.25,1.025,74.083,1.2025,60.181,1.2464,74.839,0.90953,74.788,0.93885,83.94,1.0402,17.857,0.37771,0.051359,0.1164,0.14615,0.080715,0.15145,0.099774,0.28138,0.033969,0.2381,0.089434,0.18683,0,0,0,191.85
1.069,126.96,0.98447,113.61,1.1482,73.815,0.95521,89.306,0.78846,0.90427,0.84109,96.972,0.94327,153.81,1.0326,74.874,1.2004,60.332,1.2444,74.536,0.90953,74.72,0.93872,83.665,1.0332,16.88,0.37755,0.054168,0.11459,0.15076,0.07519,0.15684,0.09247,0.28576,0.043856,0.23809,0.092355,0.1891,0,0,0,192.8
1.015,117.19,0.99832,113.92,1.149,77.377,0.94889,90.859,0.7926,0.90644,0.84276,97.747,0.9476,155.04,1.0417,75.097,1.1918,60.586,1.2496,72.855,0.91008,74.599,0.93649,82.764,1.0215,16.504,0.3718,0.073605,0.11003,0.14043,0.10638,0.19135,0.11883,0.21603,0.05956,0.1992,0.10182,0.18366,0,0,0,195.94
1.0796,108.95,0.97876,113.29,1.1468,73.669,0.95461,88.696,0.78636,0.90294,0.839,95.576,0.94332,154.05,1.0286,88.407,1.1982,60.336,1.2439,74.49,0.90754,74.574,0.93963,83.594,1.0218,18.533,0.37488,0.054321,0.11461,0.15327,0.073605,0.15169,0.088392,0.29062,0.045802,0.23287,0.091553,0.18671,0,0,0,191.69
1.0717,115.2,0.97842,112.91,1.1489,72.518,0.95821,88.474,0.78549,0.90229,0.83887,95.416,0.94535,153.68,1.0313,76.998,1.1984,60.222,1.2439,75.662,0.9071,74.131,0.93791,83.82,1.0202,16.439,0.37446,0.053038,0.11663,0.1533,0.076008,0.14712,0.091368,0.28603,0.048471,0.21831,0.093512,0.18642,0,0,0,191.68
1.0679,114.37,0.97684,111.78,1.1473,86.061,0.96114,87.444,0.7828,0.90093,0.83767,94.937,0.94591,152.3,1.0328,75.39,1.2041,59.827,1.249,74.606,0.90703,74.572,0.94128,85.753,1.0275,18.018,0.37425,0.053261,0.11554,0.15038,0.077487,0.14748,0.094686,0.28059,0.041551,0.23513,0.091348,0.18424,0,0,0,191.2
1.075,115.57,0.979,112.98,1.1491,76.215,0.91807,88.774,0.78669,0.90351,0.84085,97.266,0.9468,153.87,1.0431,76.878,1.2019,60.279,1.2495,73.281,0.91112,76.044,0.94801,87.44,1.0168,17.103,0.3724,0.05207,0.11482,0.15368,0.071296,0.14343,0.08623,0.28235,0.048633,0.21737,0.092123,0.18531,0,0,0,189.27
1.0773,115.73,0.97948,113.05,1.1494,74.975,0.96525,88.681,0.78606,0.90297,0.84017,96.657,0.947,154.2,1.0458,77.597,1.2001,60.363,1.2496,67.154,0.90989,75.563,0.94607,86.701,1.0109,16.091,0.37105,0.051635,0.11517,0.15507,0.069554,0.14113,0.083301,0.28315,0.054162,0.20433,0.093088,0.18359,0,0,0,188.54
1.0524,116.55,0.98537,118.28,1.1475,75.681,0.95013,89.649,0.79179,0.90263,0.83961,95.893,0.94687,156.47,1.0507,77.276,1.1955,61.467,1.2496,72.907,0.90777,74.363,0.93787,84.592,1.0414,18.868,0.37554,0.056119,0.10954,0.14282,0.08039,0.15507,0.099691,0.24885,0.03848,0.24233,0.091327,0.18578,0,0,0,189.5
1.0864,113.9,1.0227,111.51,1.1493,75.195,0.95316,86.402,0.77972,0.89865,0.83609,94.324,0.94624,152.36,1.0337,77.765,1.2063,59.788,1.2489,73.727,0.90719,75.492,0.9497,84.942,1.0079,16.94,0.36758,0.053898,0.11093,0.15585,0.069238,0.15824,0.082216,0.29888,0.054629,0.20377,0.093317,0.18186,0,0,0,188.75
